1.5e-06
8e-07
1e-06
1.1e-06
9e-07
9e-07
1.1e-06
1.7e-06
9e-07
1.2e-06
1.3e-06
8e-07
9e-07
1.4e-06
9e-07
1.3e-06
1.4e-06
1.001e-06
8e-07
1.1e-06
4e-07
3e-07
3e-07
4e-07
4e-07
3e-07
3e-07
3e-07
3e-07
4e-07
3e-07
5e-07
3e-07
3e-07
4e-07
7e-07
4e-07
5e-07
3e-07
4e-07
2e-07
4e-07
3e-07
3e-07
2e-07
3e-07
2e-07
3e-07
1e-07
2e-07
3e-07
2e-07
2e-07
3e-07
4e-07
2e-07
3.01e-07
2e-07
3e-07
2e-07
5e-07
5e-07
2e-07
2e-07
2e-07
4e-07
2.1203e-05
3e-07
4e-07
3e-07
3e-07
2e-07
3e-07
3e-07
2e-07
3e-07
3e-07
3e-07
3e-07
2e-07
2e-07
4e-07
3e-07
4e-07
3e-07
4e-07
3e-07
3e-07
3e-07
2e-07
2e-07
3e-07
7e-07
2e-07
2e-07
3e-07
4e-07
3e-07
3e-07
2e-07
6e-07
6e-07
6e-07
5e-07
5.01e-07
5.01e-07
4e-07
6e-07
5e-07
6e-07
6e-07
6e-07
5e-07
5e-07
5e-07
8e-07
5e-07
4e-07
7.01e-07
6e-07
6e-07
5e-07
7e-07
6e-07
5e-07
8e-07
6e-07
5e-07
5e-07
5e-07
5e-07
6e-07
5e-07
5e-07
5e-07
5e-07
6e-07
5e-07
6e-07
5e-07
7e-07
7e-07
5e-07
5e-07
5e-07
6e-07
5.01e-07
4e-07
5e-07
5e-07
4e-07
6e-07
5e-07
6e-07
6e-07
4e-07
6e-07
6e-07
6e-07
6e-07
5e-07
5e-07
6.01e-07
5e-07
5e-07
5e-07
6e-07
6e-07
7e-07
7e-07
5e-07
6e-07
4e-07
6e-07
6e-07
5e-07
5e-07
6e-07
5e-07
4.01e-07
6e-07
7e-07
4.01e-07
4e-07
5e-07
8e-07
6e-07
7.01e-07
5e-07
5e-07
5e-07
5.01e-07
5e-07
6e-07
5e-07
4e-07
5.01e-07
5e-07
5e-07
9e-07
1.701e-06
1.3e-06
1.3e-06
2.1103e-05
1.5e-06
1.4e-06
1.3e-06
1.3e-06
1.4e-06
1e-06
1.2e-06
1.3e-06
1.4e-06
1.3e-06
1.5e-06
1.2e-06
1.5e-06
1.1e-06
1e-06
1.4e-06
1.5e-06
1.6e-06
1.2e-06
1.2e-06
1.3e-06
1.3e-06
1.1e-06
9e-07
9e-07
1e-06
1.9e-06
1.2e-06
1.3e-06
1.3e-06
2.0902e-05
1.3e-06
1.601e-06
1.1e-06
1.5e-06
1.1e-06
1.401e-06
1.1e-06
1.201e-06
1.6e-06
1.2e-06
9e-07
2.1503e-05
1.6e-06
1.3e-06
1.1e-06
1.6e-06
1.1e-06
1.2e-06
1.6e-06
1e-06
1.2e-06
1.4e-06
1.4e-06
1.1e-06
1.401e-06
1.201e-06
1e-06
1.1e-06
1.1e-06
1.2e-06
1.001e-06
1.3e-06
1.3e-06
1.3e-06
1e-06
1.1e-06
9e-07
1.1e-06
1.201e-06
1.1e-06
1.201e-06
8e-07
1.1e-06
8e-07
1.3e-06
1.4e-06
1.9e-06
1.201e-06
1.4e-06
1.601e-06
1e-06
1.3e-06
1.201e-06
1.2e-06
1.2e-06
7e-07
1.101e-06
7e-07
8e-07
1e-06
9e-07
1.101e-06
1.301e-06
1.2e-06
1e-06
3.101e-06
3.401e-06
3e-06
3.001e-06
2.9e-06
3e-06
3.701e-06
3.401e-06
3.3e-06
3.3e-06
2.6e-06
3.2e-06
2.7e-06
3.6e-06
3.701e-06
3.401e-06
3.201e-06
3e-06
3.2e-06
3e-06
3.401e-06
3.4e-06
3.601e-06
3.301e-06
3.2e-06
3.2e-06
3.4e-06
3.701e-06
3.4e-06
3.501e-06
3.3e-06
2.901e-06
2.8e-06
3.401e-06
3e-06
3.201e-06
3.6e-06
3.4e-06
3.701e-06
2.9e-06
4.001e-06
3.601e-06
3.5e-06
3.901e-06
3.2e-06
3.001e-06
3.101e-06
3.601e-06
3.5e-06
3.501e-06
3.4e-06
4e-06
3.601e-06
3.8e-06
3.001e-06
3e-06
3.201e-06
3.401e-06
3.301e-06
0.000105315
3.9e-06
3.5e-06
4.001e-06
3.5e-06
2.9e-06
3.2e-06
3.401e-06
3.201e-06
3.401e-06
3.001e-06
3.8e-06
3.801e-06
4e-06
4.601e-06
3.301e-06
5.1e-06
3.701e-06
3.701e-06
3.701e-06
3.201e-06
4.001e-06
3.4e-06
3.4e-06
2.601e-06
3.301e-06
3.601e-06
2.7e-06
4.301e-06
2.701e-06
3.7e-06
4.101e-06
3.301e-06
3.301e-06
3.6e-06
4.4e-06
3.301e-06
4.001e-06
3.401e-06
3.701e-06
3.701e-06
1.1202e-05
1.0402e-05
1.2001e-05
1.1102e-05
1.0501e-05
1.2101e-05
1.1901e-05
1.1501e-05
1.1101e-05
1.0802e-05
1.1101e-05
1.2401e-05
1.2002e-05
1.1301e-05
1.1401e-05
9.901e-06
1.1001e-05
1.1502e-05
1.0402e-05
1.1501e-05
1.2102e-05
1.0201e-05
9.001e-06
1.1502e-05
1.0901e-05
7.802e-06
1.1501e-05
1.0002e-05
1.0301e-05
1.0601e-05
1.1201e-05
1.0501e-05
1.1201e-05
9.601e-06
1.0201e-05
1.1202e-05
1.1001e-05
1.1301e-05
1.2502e-05
1.1401e-05
1.2002e-05
1.1801e-05
1.0602e-05
1.1502e-05
1.2702e-05
1.2402e-05
1.0702e-05
1.2401e-05
1.0501e-05
1.1102e-05
2.6804e-05
8.901e-06
1.3002e-05
3.7405e-05
1.2401e-05
1.1402e-05
1.0801e-05
1.0801e-05
1.0302e-05
1.0101e-05
1.1002e-05
1.0101e-05
1.2702e-05
1.2002e-05
1.1201e-05
1.0801e-05
1.1702e-05
1.2301e-05
1.1402e-05
1.0502e-05
1.1702e-05
1.2102e-05
1.0401e-05
1.2602e-05
1.1002e-05
1.0601e-05
1.0602e-05
1.2002e-05
1.2202e-05
1.0802e-05
1.0302e-05
1.0101e-05
9.201e-06
1.1602e-05
1.2002e-05
1.1601e-05
1.1402e-05
9.701e-06
1.1701e-05
1.2502e-05
1.0602e-05
1.1802e-05
1.1302e-05
9.801e-06
1.1802e-05
1.0801e-05
1.1502e-05
9.901e-06
1.1502e-05
1.0101e-05
3.6705e-05
4.4306e-05
4.1406e-05
5.7008e-05
3.9706e-05
4.1406e-05
3.8905e-05
3.8705e-05
3.3605e-05
5.6008e-05
3.8005e-05
3.6005e-05
3.8405e-05
3.7605e-05
5.2007e-05
3.5305e-05
3.9305e-05
4.6607e-05
4.1906e-05
5.3907e-05
4.3606e-05
4.3307e-05
4.0105e-05
3.9906e-05
3.5105e-05
3.9106e-05
4.1206e-05
4.2106e-05
3.9506e-05
4.4206e-05
3.5705e-05
4.0606e-05
3.6405e-05
3.8705e-05
3.8806e-05
3.3805e-05
3.8806e-05
3.1905e-05
3.8406e-05
4.2806e-05
3.5405e-05
3.8405e-05
3.0004e-05
4.0806e-05
6.7609e-05
4.2407e-05
4.0606e-05
4.2006e-05
3.4905e-05
8.6012e-05
7.6711e-05
0.000121317
3.8305e-05
3.5405e-05
3.8706e-05
4.0106e-05
4.1406e-05
4.2406e-05
3.7605e-05
4.3006e-05
3.6205e-05
4.0006e-05
4.1506e-05
4.1006e-05
3.9606e-05
4.3207e-05
3.4405e-05
4.2607e-05
4.1706e-05
7.2711e-05
3.1204e-05
4.3106e-05
5.3208e-05
4.3306e-05
7.6111e-05
4.0205e-05
6.0508e-05
3.9905e-05
4.0506e-05
3.9506e-05
3.9505e-05
3.6106e-05
4.2006e-05
4.4207e-05
3.9706e-05
4.0006e-05
4.0106e-05
3.8406e-05
3.8406e-05
3.5405e-05
3.8705e-05
3.8906e-05
3.9606e-05
4.4507e-05
3.8406e-05
4.2206e-05
4.3106e-05
3.8806e-05
3.6605e-05
4.0806e-05
0.000137019
0.000163423
0.000145621
0.00013882
0.000110616
0.000144621
0.000123117
0.000133919
0.000124317
0.000120218
0.000125117
0.000158423
0.000163323
0.00014282
0.000145721
0.000146921
0.000121917
0.000153322
0.000101314
0.000129918
0.000106115
0.000134719
0.000168924
0.00014532
0.00014002
0.000135419
0.000179826
0.000121517
0.000103115
0.00014362
0.000152922
0.000127118
0.000119017
0.000118117
0.000171825
0.00013772
0.000109415
0.000106115
0.000155022
0.000120817
0.000166623
0.000152122
0.000151522
0.000166823
0.000151222
0.000304144
0.000136619
0.000127418
0.000139819
0.000123917
0.000127919
0.000130919
0.000132719
0.000133819
0.000109715
0.000129019
0.00013522
0.000109716
0.000148821
0.000149221
0.000119017
0.000125818
0.000132019
0.000146821
0.000159922
0.000170124
0.000148821
0.000125918
0.000134819
0.000129918
0.000150421
0.000115917
0.000126818
0.000106515
0.000151022
0.000129318
0.000120717
0.00014002
0.000127318
0.000146521
0.000105715
0.000105015
0.000124318
0.000121918
0.000154422
0.000198328
0.000147421
0.000148521
0.000144421
0.000159223
0.000130318
0.000116817
0.000158223
0.00013602
0.000103515
0.000172225
0.00014102
0.000121618
0.000173124
0.00013592
0.00041896
0.00062919
0.000437262
0.000417859
0.000472567
0.000497071
0.000449064
0.000412859
0.00042136
0.00041486
0.00042026
0.000425661
0.00042396
0.00049117
0.000478168
0.000429462
0.00048987
0.000440662
0.000538676
0.00041916
0.000431761
0.000511473
0.000472067
0.000520374
0.000429362
0.000497271
0.000413259
0.000417859
0.000450464
0.000410359
0.000409958
0.000425061
0.000482168
0.000502772
0.000437562
0.000440663
0.00049127
0.000529575
0.000495071
0.000510273
0.000398756
0.000495571
0.000497871
0.000403458
0.000408859
0.000492571
0.000449564
0.000414859
0.000443963
0.000401057
0.000442763
0.000433862
0.000472068
0.000403858
0.000438563
0.000441663
0.000431061
0.00042466
0.000429661
0.000463566
0.000442763
0.000440863
0.000481169
0.000445064
0.000466467
0.000403258
0.000448064
0.000411258
0.000442563
0.000453664
0.000458566
0.000430262
0.000428761
0.00042376
0.000464366
0.00041886
0.000412859
0.000449264
0.000539677
0.000433262
0.000501972
0.000442363
0.000456965
0.000463666
0.00041876
0.000423061
0.000520074
0.000443563
0.000433662
0.000480369
0.000454364
0.000498672
0.00042416
0.000440063
0.00048957
0.000473567
0.000443163
0.000447364
0.000432861
0.00049017
0.00172635
0.00187247
0.00178706
0.00185727
0.00188717
0.00168714
0.00179546
0.00172505
0.00166154
0.00175765
0.00164273
0.00166424
0.00175165
0.00165214
0.00165984
0.00173585
0.00204559
0.00166504
0.00172715
0.00170964
0.00176785
0.00176365
0.00162703
0.00176925
0.00167914
0.00170364
0.00163203
0.00158923
0.00163053
0.00160173
0.00181046
0.00170834
0.00170454
0.00166014
0.00170204
0.00165594
0.00156882
0.00169714
0.00174835
0.00159923
0.00190227
0.00171704
0.00173115
0.00182866
0.00176715
0.00343049
0.0021103
0.00203259
0.00194378
0.00221682
0.00297452
0.00223752
0.00185347
0.00173425
0.00186387
0.00161883
0.00163173
0.00153972
0.00160303
0.00172755
0.00180156
0.00153432
0.00193818
0.00215931
0.00199889
0.00274209
0.00243255
0.0020968
0.00201429
0.00314095
0.00226352
0.00183526
0.00226782
0.00198198
0.00181216
0.00179736
0.00167824
0.00171224
0.00171624
0.00156222
0.00179386
0.0020991
0.00181606
0.00203559
0.00196138
0.00189367
0.00176525
0.00198418
0.00170164
0.00176595
0.00226782
0.00225062
0.00174685
0.00151972
0.00165904
0.00155972
0.00158153
0.00166284
0.00168154
0.00166294
0.00619338
0.00619148
0.00601996
0.00711401
0.00615928
0.00678877
0.00615078
0.00608127
0.00647062
0.00608797
0.00636271
0.00705901
0.00652393
0.00611437
0.00625099
0.00604496
0.00669965
0.00601716
0.00658464
0.00648652
0.00589634
0.00634781
0.00639571
0.00652173
0.00585934
0.00625299
0.00600116
0.00639201
0.00626839
0.00610357
0.00646932
0.00812916
0.00691589
0.00588164
0.00594585
0.00611427
0.00591974
0.00597425
0.00660914
0.00613387
0.00612157
0.00602736
0.00625929
0.00614318
0.00650933
0.0062795
0.00606006
0.00606056
0.00648102
0.00609937
0.00612207
0.00626979
0.00639071
0.00679897
0.00640481
0.00626719
0.00634901
0.00661174
0.00615378
0.00615078
0.00644742
0.00610937
0.00608087
0.00626579
0.00597525
0.00689188
0.0062947
0.00656274
0.00618988
0.00642522
0.00639981
0.00614718
0.0063327
0.00623389
0.00675616
0.00618778
0.00606286
0.00642752
0.00616948
0.00643742
0.00627059
0.0063075
0.00650743
0.00656094
0.0063302
0.0063266
0.006318
0.0063376
0.00719383
0.00605426
0.00606736
0.00636451
0.00619258
0.00603136
0.00622178
0.00616718
0.00609937
0.0063272
0.00688678
0.00614727
0.0233975
0.0236053
0.0229218
0.0231704
0.023597
0.023445
0.0238898
0.0265795
0.0307341
0.0275208
0.0235096
0.0235768
0.0229711
0.0232666
0.024002
0.0234833
0.0240851
0.0231479
0.0238261
0.0228074
0.0249934
0.0290234
0.0237968
0.0237561
0.0230355
0.0254971
0.0236554
0.0284939
0.0281352
0.0283499
0.030113
0.0466527
0.0278094
0.0273915
0.0232594
0.0236185
0.0253309
0.0234072
0.0233772
0.0240249
0.0265708
0.0258231
0.0249851
0.0234751
0.024956
0.024673
0.0250515
0.0241123
0.0232145
0.0231257
0.02354
0.0240465
0.0247659
0.0238483
0.0275888
0.0231342
0.024105
0.0243366
0.0239726
0.0230778
0.0236374
0.0233853
0.0307548
0.0229578
0.0241777
0.0230445
0.0270449
0.0241941
0.024486
0.0240248
0.0249658
0.0233045
0.0234546
0.0249769
0.0237036
0.0257415
0.0291777
0.0230839
0.0248792
0.0231144
0.0232267
0.0235274
0.0238795
0.0240476
0.0234673
0.0247148
0.0234656
0.02591
0.032855
0.0235532
0.0231039
0.0236288
0.0234975
0.0250317
0.0235847
0.0264244
0.0243074
0.0232176
0.0250847
0.0288444
0.0898793
0.0893198
0.0891301
0.0898686
0.0899725
0.0889977
0.0914512
0.0905803
0.091469
0.0905292
0.0890384
0.0911981
0.11932
0.0961323
0.0894108
0.091835
0.0929683
0.0891726
0.0908799
0.0960095
0.0909856
0.0946684
0.0896095
0.0925183
0.0927369
0.0895891
0.0927901
0.0926733
0.0916796
0.0918496
0.113942
0.0896662
0.092281
0.0889395
0.0959663
0.0943148
0.0918149
0.0928225
0.0896182
0.0947667
0.0971335
0.0899634
0.0891972
0.0935466
0.0918386
0.0898464
0.0918065
0.0943397
0.0928049
0.0904154
0.0898462
0.0937115
0.0910208
0.0902585
0.0917529
0.0939133
0.0983174
0.0921561
0.0910766
0.0909177
0.102391
0.110379
0.0892951
0.088973
0.0901057
0.094184
0.0895746
0.0904124
0.0906339
0.0895112
0.0898847
0.090699
0.0934858
0.0900308
0.10162
0.108519
0.115494
0.0931942
0.0914234
0.0934823
0.0918582
0.0898356
0.0884828
0.113972
0.0901172
0.0909131
0.0885742
0.0938519
0.0900769
0.0901185
0.0935539
0.0905052
0.0937452
0.0893061
0.102047
0.0918868
0.0914391
0.0918982
0.0907793
0.0904667
