9.01e-07
7e-07
4e-07
1e-06
1e-06
6e-07
9e-07
9e-07
7e-07
1e-06
6e-07
6e-07
7e-07
1e-06
9e-07
9e-07
1e-06
8e-07
5.01e-07
2e-07
3e-07
2e-07
2e-07
3e-07
3e-07
3e-07
2e-07
3e-07
2e-07
3e-07
7.01e-07
3e-07
2e-07
3e-07
3e-07
3e-07
1e-07
2e-07
2e-07
2e-07
2e-07
3e-07
2e-07
1e-07
2e-07
2e-07
2e-07
2e-07
1e-07
2e-07
2e-07
2e-07
2e-07
2e-07
2e-07
2e-07
2e-07
2e-07
1e-07
2e-07
4e-07
3e-07
2e-07
3e-07
1e-07
3e-07
5e-07
2e-07
3e-07
2e-07
2e-07
2e-07
2e-07
2e-07
2e-07
1e-07
2e-07
2e-07
3e-07
2.01e-07
2e-07
3e-07
4e-07
4e-07
3e-07
2e-07
2e-07
1e-07
3e-07
2e-07
1e-07
1e-07
2e-07
2e-07
2e-07
3e-07
5e-07
3e-07
2e-07
2e-07
6e-07
1.2e-06
4e-07
5e-07
4e-07
4e-07
4.01e-07
4e-07
4e-07
6e-07
4e-07
6e-07
5e-07
4e-07
5e-07
4e-07
3e-07
3e-07
6e-07
7e-07
5e-07
6e-07
3e-07
4e-07
4e-07
5e-07
3e-07
5e-07
5.01e-07
5e-07
5e-07
8e-07
4e-07
5.01e-07
4e-07
3e-07
5e-07
4e-07
4e-07
4e-07
6e-07
5e-07
4e-07
3e-07
5e-07
4e-07
3e-07
4e-07
4e-07
4e-07
6e-07
5e-07
4e-07
3e-07
5e-07
3e-07
5e-07
4e-07
8e-07
4e-07
5e-07
4.01e-07
4e-07
4e-07
4e-07
4e-07
4e-07
4e-07
5e-07
4e-07
4e-07
4e-07
4e-07
3e-07
5e-07
5e-07
4e-07
3e-07
5e-07
3e-07
4e-07
4e-07
4e-07
7e-07
3e-07
2e-07
2e-07
5e-07
4e-07
3e-07
3e-07
3e-07
4e-07
5e-07
4e-07
3e-07
3e-07
5e-07
5e-07
6e-07
1e-06
3.3304e-05
1.3e-06
1.5e-06
1.2e-06
1.2e-06
1.5e-06
1.3e-06
1.3e-06
1.4e-06
1.101e-06
1.3e-06
1.3e-06
5.3608e-05
1.3e-06
1.1e-06
1.3e-06
1.2e-06
8e-07
1.2e-06
1.3e-06
1.4e-06
1.401e-06
1.401e-06
1.1e-06
1.2e-06
1e-06
1e-06
1.1e-06
1.1e-06
1.4e-06
1.2e-06
1.2e-06
1.2e-06
1.2e-06
1.2e-06
1.2e-06
1.1e-06
1.2e-06
1.1e-06
1e-06
1.2e-06
1e-06
1.2e-06
1e-06
1.001e-06
1.2e-06
1.3e-06
1.301e-06
1.401e-06
1.2e-06
1.2e-06
1e-06
1.301e-06
1.101e-06
0.000107715
1.3e-06
1.3e-06
1.101e-06
1.301e-06
1.201e-06
1.1e-06
1.2e-06
1e-06
1.201e-06
8.01e-07
1.1e-06
1.2e-06
1.101e-06
1.3e-06
1e-06
1e-06
1.1e-06
1.1e-06
1.001e-06
1e-06
1.001e-06
1e-06
1.001e-06
1.3e-06
1.1e-06
1.1e-06
1.5e-06
1.3e-06
1.2e-06
1.2e-06
1.5e-06
1.1e-06
9e-07
1.1e-06
8e-07
1e-06
8e-07
9e-07
1.2e-06
8e-07
1.101e-06
1.2e-06
1e-06
1.001e-06
4.5e-06
4.101e-06
4.2e-06
4.401e-06
4e-06
4.001e-06
3.901e-06
4.1e-06
4.101e-06
4.3e-06
3.901e-06
3.901e-06
4e-06
4.401e-06
3.9e-06
4.001e-06
3.8e-06
4.2e-06
4.001e-06
3.9e-06
4.501e-06
4.001e-06
4e-06
4.101e-06
4.001e-06
4.1e-06
3.901e-06
3.901e-06
4.101e-06
4.4e-06
3.8e-06
4.301e-06
4.001e-06
4.1e-06
4.201e-06
4e-06
3.8e-06
3.9e-06
4.001e-06
3.8e-06
3.8e-06
4.001e-06
4.001e-06
4.401e-06
4.001e-06
4.001e-06
3.9e-06
4.301e-06
4e-06
4.101e-06
4.301e-06
4.401e-06
3.701e-06
4.1e-06
3.001e-06
4.001e-06
3.901e-06
3.4805e-05
4.201e-06
4.7e-06
4.301e-06
4.501e-06
4.601e-06
4.101e-06
3.9e-06
3.901e-06
4.001e-06
4.101e-06
4.201e-06
2.8404e-05
4.701e-06
4.001e-06
4.201e-06
4.2e-06
3.7e-06
3.901e-06
4.101e-06
4.101e-06
4.2e-06
4.001e-06
4.001e-06
4.201e-06
3.801e-06
4.701e-06
4.701e-06
3.901e-06
3.8e-06
4e-06
4.301e-06
4.4e-06
4.001e-06
4.201e-06
4.001e-06
4.001e-06
4.3e-06
4.101e-06
4.3e-06
4.001e-06
3.7e-06
3.8706e-05
1.0602e-05
1.4502e-05
1.4402e-05
5.2708e-05
1.4503e-05
1.4702e-05
1.4402e-05
1.4602e-05
1.5102e-05
1.4102e-05
1.4502e-05
1.5402e-05
1.4202e-05
1.4602e-05
1.4802e-05
1.4402e-05
1.4302e-05
1.4502e-05
1.4102e-05
1.5002e-05
1.4102e-05
1.2802e-05
1.4402e-05
1.4402e-05
1.3702e-05
1.4002e-05
1.5603e-05
1.4302e-05
1.4102e-05
1.4302e-05
1.4202e-05
1.4302e-05
1.4002e-05
1.4602e-05
1.4502e-05
1.2901e-05
1.4402e-05
1.4002e-05
1.3502e-05
1.3502e-05
4.0606e-05
1.3502e-05
1.3802e-05
1.4902e-05
1.4502e-05
1.4602e-05
1.4502e-05
1.4302e-05
1.3302e-05
1.3802e-05
1.3702e-05
3.8505e-05
1.6302e-05
1.2902e-05
1.5902e-05
1.5902e-05
1.4403e-05
1.4902e-05
1.4302e-05
1.4802e-05
1.4102e-05
1.4302e-05
1.3802e-05
1.5002e-05
1.3702e-05
1.4302e-05
1.4703e-05
1.6102e-05
1.4402e-05
1.4402e-05
1.4402e-05
1.5902e-05
1.4902e-05
1.4102e-05
1.4702e-05
1.4202e-05
1.4402e-05
1.4002e-05
1.4202e-05
1.4302e-05
1.5103e-05
1.5002e-05
1.4002e-05
1.4902e-05
1.5203e-05
1.4302e-05
1.3502e-05
1.3902e-05
1.5002e-05
1.4002e-05
1.3702e-05
1.4403e-05
1.4402e-05
1.4202e-05
1.4102e-05
1.4602e-05
1.4102e-05
1.3302e-05
1.3302e-05
1.4002e-05
5.3208e-05
5.3407e-05
5.3208e-05
5.4808e-05
5.4208e-05
5.2507e-05
5.3908e-05
5.1507e-05
5.5007e-05
5.4007e-05
5.0107e-05
5.2607e-05
5.4008e-05
5.0707e-05
5.4508e-05
3.9405e-05
5.5108e-05
5.5208e-05
5.2808e-05
0.000112616
5.4808e-05
5.4707e-05
5.4808e-05
5.4407e-05
5.3508e-05
5.1808e-05
5.4308e-05
5.1907e-05
8.9913e-05
5.4607e-05
5.4308e-05
5.5408e-05
5.4608e-05
5.4508e-05
5.4208e-05
5.4308e-05
5.4608e-05
5.4508e-05
5.4607e-05
5.4908e-05
4.7407e-05
5.4208e-05
7.421e-05
5.2908e-05
7.191e-05
5.4507e-05
5.2607e-05
5.4507e-05
5.0807e-05
5.4508e-05
7.7211e-05
7.7211e-05
5.3208e-05
5.3207e-05
5.2007e-05
5.4007e-05
5.4207e-05
5.3807e-05
5.4608e-05
5.4908e-05
6.1409e-05
5.8408e-05
5.5008e-05
5.6508e-05
5.5708e-05
5.4508e-05
5.4708e-05
5.4107e-05
5.4408e-05
5.1707e-05
4.9607e-05
5.3908e-05
6.3909e-05
5.3808e-05
0.000107115
4.4106e-05
5.4208e-05
5.1208e-05
7.9011e-05
0.000120317
5.3908e-05
5.1708e-05
5.1907e-05
7.611e-05
5.3008e-05
5.5108e-05
5.9309e-05
5.5208e-05
5.4008e-05
5.4708e-05
5.6508e-05
5.4507e-05
5.4508e-05
5.3708e-05
5.4908e-05
5.5108e-05
5.4908e-05
5.5708e-05
5.4008e-05
5.6708e-05
0.00020623
0.000201929
0.000262138
0.000171725
0.00021433
0.000184727
0.000203629
0.000185126
0.000176325
0.000217231
0.000190828
0.000189127
0.00020643
0.000247135
0.000387356
0.000192728
0.000176725
0.000230032
0.000214931
0.000202329
0.000169024
0.000197328
0.000185126
0.000198428
0.000212831
0.000184926
0.000172025
0.000216031
0.000170124
0.000186027
0.000221932
0.000197028
0.000171124
0.00021143
0.00021393
0.000237734
0.000166224
0.000184826
0.000198829
0.000154522
0.000218332
0.000193328
0.000166124
0.00020753
0.000201929
0.000335748
0.000229033
0.000185527
0.000154822
0.000209229
0.000212731
0.000194328
0.000197928
0.000216931
0.00027664
0.000194928
0.000168024
0.000168424
0.000202529
0.000221031
0.000248035
0.000199828
0.000216831
0.000215631
0.00021193
0.00021173
0.000215431
0.00020803
0.000176125
0.000189727
0.000179726
0.000212631
0.000200029
0.000196828
0.000199628
0.000217931
0.000155722
0.000185526
0.000203829
0.000201429
0.000173224
0.000196828
0.000179825
0.000199928
0.00020873
0.00020693
0.000197428
0.000179925
0.000167523
0.000203529
0.000154522
0.000227532
0.000184626
0.000201528
0.000236534
0.000253736
0.000195227
0.000185326
0.000192528
0.00020663
0.000897428
0.00162033
0.000766709
0.000714402
0.000727604
0.00103595
0.000711802
0.000731404
0.000744006
0.000721403
0.000692399
0.000663194
0.000747406
0.000731504
0.000675696
0.000753008
0.000674596
0.000814316
0.000787112
0.000737805
0.000753307
0.000798514
0.000784912
0.000993541
0.000747907
0.000727203
0.000716402
0.000674496
0.000657293
0.000740606
0.000723203
0.000786912
0.000653193
0.000727104
0.000729404
0.000715102
0.000735804
0.000808915
0.000715702
0.000678397
0.000753808
0.000896828
0.0007053
0.000730404
0.000719402
0.000894427
0.000696299
0.000765509
0.000780211
0.000759808
0.00111486
0.000725603
0.000781011
0.000721002
0.000764309
0.000681798
0.000708701
0.000806515
0.000735205
0.000782412
0.000759009
0.000710701
0.000819017
0.000752007
0.000765409
0.000740206
0.000748307
0.00076911
0.000804015
0.000733804
0.000729604
0.00077131
0.000673796
0.000720703
0.000777511
0.00077161
0.000863123
0.000804715
0.000829919
0.000708701
0.000725603
0.000737805
0.00109806
0.000716202
0.000769409
0.000667495
0.000747506
0.000695399
0.000769509
0.000736205
0.000945935
0.000717103
0.000740606
0.000783311
0.000771911
0.000766309
0.0007043
0.000735005
0.000724203
0.000787013
0.00257797
0.00265488
0.00258977
0.00254476
0.00259227
0.00243025
0.00246805
0.00255477
0.00242235
0.00242535
0.00233083
0.00242375
0.00237424
0.00246515
0.00257657
0.00247415
0.00236934
0.00238934
0.00249966
0.00235524
0.00237014
0.00263288
0.00230203
0.00254126
0.00239564
0.00269508
0.00235434
0.00241874
0.00244055
0.00266158
0.00242355
0.00235314
0.00237294
0.00253936
0.00243315
0.00219401
0.00245755
0.00240714
0.00232863
0.00238354
0.00253326
0.00239204
0.00245175
0.00259547
0.00310124
0.00971939
0.0028217
0.00261857
0.00263978
0.0034879
0.00341279
0.00326246
0.00251276
0.00254176
0.00261967
0.00241374
0.00249746
0.00232193
0.00239224
0.00250616
0.00224432
0.00303273
0.00274889
0.00273409
0.00259117
0.00432092
0.00318865
0.00307294
0.00341999
0.00308624
0.00296352
0.00271519
0.00293732
0.00258177
0.00272199
0.00259987
0.00250876
0.00251356
0.00250046
0.00325596
0.00335888
0.00344909
0.00269299
0.00256477
0.00268318
0.00297032
0.00264138
0.00310214
0.00268028
0.00259747
0.00253606
0.00244445
0.00251096
0.00226062
0.00239234
0.00232963
0.00227532
0.00233813
0.00243405
0.00254046
0.00873014
0.00872604
0.00933923
0.00881526
0.00902589
0.0145709
0.00874875
0.0111052
0.00882176
0.00871924
0.00917421
0.0091248
0.00870674
0.00871274
0.00886186
0.00882596
0.0102593
0.00872955
0.00900918
0.00871774
0.00873265
0.00953856
0.00901569
0.00869254
0.00871164
0.00867714
0.00857662
0.00920541
0.00896378
0.00930423
0.0100462
0.0131328
0.00993022
0.00871354
0.0098397
0.00875905
0.00864733
0.00882816
0.00896738
0.00870694
0.00900628
0.00898788
0.00889437
0.00872144
0.00927272
0.00867724
0.00876325
0.0091241
0.00858492
0.00869684
0.00906269
0.00975029
0.0091231
0.0090823
0.00903859
0.009081
0.00932873
0.00915671
0.00875395
0.0091244
0.00866164
0.00870774
0.00879975
0.00885676
0.0090926
0.00950496
0.00935553
0.00903849
0.00878815
0.00867974
0.00873975
0.00862463
0.00871314
0.00872574
0.00882506
0.00875095
0.0091332
0.00883226
0.00886196
0.00931543
0.00874675
0.00892267
0.00898418
0.00930333
0.00885196
0.00872254
0.009097
0.00886206
0.00986081
0.00873415
0.00865453
0.00868514
0.00869594
0.00885916
0.009142
0.00872684
0.00957556
0.00862293
0.00880425
0.00860102
0.034555
0.0343087
0.0339955
0.0338
0.0342756
0.0348845
0.0338773
0.0348214
0.0365748
0.0368558
0.0337969
0.0345322
0.0357508
0.0341757
0.0350893
0.0346714
0.0347006
0.0352425
0.0376775
0.0362238
0.036871
0.0349789
0.0342469
0.034552
0.0394523
0.0345947
0.0347416
0.040897
0.0414006
0.0433181
0.0407645
0.066011
0.0404372
0.0435102
0.0347182
0.0365542
0.0390293
0.0352866
0.0349863
0.0441909
0.0365308
0.0341079
0.0344857
0.0341258
0.0338618
0.0356262
0.0351839
0.0345977
0.0343776
0.0349349
0.0337565
0.0357035
0.0343515
0.0372378
0.0343143
0.0345885
0.0356735
0.0360383
0.0369377
0.0342115
0.0346674
0.034266
0.0348395
0.0367088
0.0341402
0.0349082
0.0345128
0.0343324
0.0365695
0.0347842
0.0358116
0.0335791
0.0355034
0.0382394
0.0359205
0.0339822
0.0355678
0.0366936
0.0375128
0.035073
0.0344517
0.0397391
0.0356914
0.0337859
0.0345623
0.0344926
0.034719
0.0427032
0.0447123
0.0348766
0.0337961
0.0388864
0.0352704
0.0398686
0.0350294
0.0363609
0.0347654
0.0363536
0.0348951
0.0417421
0.132558
0.141634
0.133286
0.136971
0.133192
0.134011
0.138729
0.134522
0.134238
0.133727
0.138512
0.135696
0.13481
0.140417
0.132564
0.134653
0.133836
0.132697
0.133016
0.135319
0.13849
0.13391
0.140028
0.133455
0.132889
0.132795
0.13917
0.159338
0.140034
0.144763
0.144248
0.140425
0.132316
0.139245
0.132104
0.140747
0.136289
0.134341
0.136247
0.136395
0.132791
0.133494
0.135431
0.131958
0.136763
0.133086
0.137306
0.133645
0.132749
0.133329
0.141479
0.133049
0.135091
0.139373
0.133161
0.133293
0.134005
0.140464
0.167517
0.139658
0.134009
0.143717
0.133652
0.140976
0.136353
0.132851
0.135768
0.143743
0.135148
0.134144
0.134066
0.13495
0.137946
0.152845
0.132723
0.16757
0.177166
0.134668
0.134229
0.134032
0.13534
0.133779
0.134797
0.133872
0.13342
0.133032
0.139977
0.135808
0.132059
0.134354
0.141074
0.135832
0.134379
0.13397
0.137178
0.142525
0.133642
0.133794
0.139217
0.134556
