3.901e-06
1.3e-06
2.2e-06
3.801e-06
3.301e-06
2.5e-06
3.4e-06
4.3e-06
3e-06
3.701e-06
3.701e-06
2.4e-06
3.7e-06
3.701e-06
2.801e-06
3.901e-06
3.301e-06
3.5e-06
1.9e-06
1e-06
1.2e-06
1.001e-06
1e-06
1.101e-06
1.3e-06
1.2e-06
9.01e-07
9e-07
8.01e-07
2.501e-06
1.5e-06
1e-06
8e-07
7.01e-07
1.1e-06
1e-06
8e-07
1e-06
6e-07
5e-07
1.3e-06
1e-06
1e-06
8e-07
7e-07
1.5e-06
9.01e-07
8e-07
4e-07
6e-07
5e-07
5e-07
9e-07
6e-07
1e-06
7e-07
3.801e-06
4e-07
7e-07
8e-07
1.1e-06
1.3e-06
5e-07
1e-06
1e-06
1.1e-06
1.801e-06
8e-07
1.1e-06
6e-07
8e-07
7e-07
6e-07
7e-07
8e-07
6e-07
8e-07
6.01e-07
1.5e-06
7e-07
6e-07
1e-06
1.1e-06
1.3e-06
1.1e-06
9.01e-07
7e-07
6e-07
9e-07
8e-07
5e-07
7e-07
8.01e-07
5.01e-07
7e-07
9e-07
1.3e-06
1e-06
1e-06
6e-07
1.4e-06
1.9e-06
1.4e-06
1.4e-06
1.2e-06
1.5e-06
1.7e-06
1.1e-06
1.501e-06
1.501e-06
1.101e-06
1.5e-06
1.501e-06
1e-06
1.4e-06
1.501e-06
1.2e-06
1.4e-06
1.5e-06
1.9e-06
9e-07
1.5e-06
1.2e-06
1.6e-06
1.6e-06
1.7e-06
1.6e-06
1.4e-06
1.3e-06
1.2e-06
1.4e-06
1.6e-06
1.1e-06
1.4e-06
1e-06
1.2e-06
1.3e-06
1.4e-06
1.4e-06
1.3e-06
1.6e-06
1.6e-06
1.4e-06
1.4e-06
1.4e-06
1.5e-06
1.2e-06
1.7e-06
1.2e-06
1e-06
1.2e-06
1.4e-06
1.2e-06
1.2e-06
1.401e-06
1e-06
1.201e-06
1.2e-06
1.701e-06
1.1e-06
1.6e-06
1.3e-06
1.5e-06
1e-06
2.701e-06
1.8e-06
1.4e-06
1.7e-06
1.6e-06
1.401e-06
1.501e-06
1.5e-06
1.2e-06
1.7e-06
1.6e-06
1.1e-06
1.001e-06
1.1e-06
1.2e-06
1.2e-06
6.871e-05
2.2e-06
2.3e-06
2.501e-06
1.4e-06
2.501e-06
3.001e-06
2.201e-06
1.4e-06
1.301e-06
1.2e-06
1.9e-06
1.3e-06
1.5e-06
1.1e-06
1.3e-06
9e-07
1.2e-06
1.3e-06
2.2e-06
2.4e-06
2.701e-06
2.4e-06
2.9e-06
2.801e-06
3.2e-06
2.7e-06
2.301e-06
3.3e-06
0.000171324
2.6103e-05
2.5e-06
3.101e-06
2.701e-06
2.7e-06
2.701e-06
2.7e-06
2.5e-06
2.7e-06
3.501e-06
2.6e-06
3.001e-06
2.2e-06
2.601e-06
2.201e-06
2.3e-06
3.8e-06
1.9e-06
2.3e-06
2.3e-06
2.8e-06
2.101e-06
2.8e-06
2.701e-06
2.5e-06
3.101e-06
3.2e-06
2.4e-06
2.101e-06
2.401e-06
2.301e-06
2.3e-06
2.401e-06
2.7e-06
2.4e-06
2.1e-06
2.701e-06
2.7e-06
2.9e-06
2.601e-06
2.7e-06
2.3e-06
3.2e-06
2.7e-06
2.2e-06
3e-06
9.0713e-05
2.801e-06
2.701e-06
2.701e-06
2.3e-06
2.201e-06
2.501e-06
2.3e-06
2.4e-06
2e-06
2.501e-06
3.001e-06
2.601e-06
2.4e-06
2.2e-06
1.601e-06
2.3e-06
2.4e-06
2.2e-06
2.2e-06
1.7e-06
2e-06
2e-06
3.3e-06
3.8e-06
3.9e-06
2.6e-06
2.801e-06
2.6e-06
3.1e-06
8.901e-06
3.3e-06
1.801e-06
2.101e-06
1.7e-06
1.8e-06
1.3e-06
1.701e-06
1.901e-06
1.8e-06
2.4e-06
2.801e-06
2.3e-06
2.1e-06
6.301e-06
6.401e-06
5.501e-06
6.501e-06
6.401e-06
6.101e-06
6.501e-06
5.801e-06
6.501e-06
5.701e-06
4.8e-06
5.301e-06
4.6e-06
5.501e-06
5.101e-06
5.501e-06
5.2e-06
5.801e-06
5.501e-06
5.301e-06
6.401e-06
6.001e-06
5.501e-06
6.301e-06
6.401e-06
5.901e-06
6.401e-06
6.701e-06
6.501e-06
6.201e-06
5.801e-06
5.801e-06
6.201e-06
6.101e-06
6.601e-06
5.3e-06
6.501e-06
5.501e-06
5.5e-06
5.801e-06
5.5e-06
6.301e-06
5.401e-06
6.501e-06
5.801e-06
5.3e-06
6.401e-06
5.601e-06
5.401e-06
6.401e-06
5.601e-06
5.701e-06
1.7102e-05
6.601e-06
5.9e-06
5.6e-06
5.101e-06
7.101e-06
6.301e-06
8.101e-06
5.901e-06
5.001e-06
5.2e-06
3.9205e-05
5.1e-06
6.401e-06
5.601e-06
5.8e-06
5.301e-06
6.401e-06
5.1e-06
6.601e-06
6.401e-06
5.801e-06
6.401e-06
7.001e-06
6.601e-06
6.501e-06
6.401e-06
6.301e-06
9.501e-06
6.401e-06
7.601e-06
6.301e-06
6.301e-06
6.501e-06
7.201e-06
7.301e-06
5.8e-06
7.101e-06
6.3e-06
6.401e-06
6.001e-06
5.701e-06
7.101e-06
6.601e-06
6.601e-06
6.201e-06
2.5103e-05
7.201e-06
1.2402e-05
1.4202e-05
1.2402e-05
1.3802e-05
0.000128018
1.3202e-05
1.1401e-05
1.2101e-05
1.2502e-05
1.2002e-05
1.1602e-05
1.1602e-05
1.2702e-05
1.1702e-05
1.3602e-05
3.0804e-05
1.1902e-05
1.2602e-05
3.0204e-05
1.2502e-05
1.2202e-05
1.2301e-05
1.0502e-05
1.2001e-05
1.2701e-05
1.2202e-05
1.2202e-05
1.1901e-05
1.0201e-05
1.3302e-05
1.2002e-05
1.3502e-05
1.2302e-05
1.6002e-05
1.5102e-05
1.1502e-05
2.7604e-05
1.2802e-05
2.1303e-05
1.2202e-05
1.2902e-05
1.4602e-05
1.3402e-05
1.3702e-05
1.2602e-05
1.2002e-05
1.2501e-05
1.3302e-05
1.1202e-05
1.1902e-05
1.2102e-05
1.1702e-05
1.2802e-05
6.4909e-05
1.3002e-05
1.2902e-05
1.2501e-05
1.2202e-05
1.3402e-05
1.2502e-05
1.2101e-05
3.3805e-05
1.3102e-05
1.3702e-05
1.1502e-05
1.1602e-05
1.2301e-05
1.3102e-05
1.2202e-05
1.1802e-05
1.1802e-05
1.2302e-05
1.2002e-05
1.1601e-05
1.2902e-05
1.2102e-05
1.2502e-05
1.1601e-05
1.2702e-05
1.2302e-05
1.2202e-05
1.1802e-05
1.1602e-05
1.2102e-05
1.2102e-05
1.2102e-05
1.2101e-05
1.2702e-05
1.3302e-05
1.3302e-05
1.2301e-05
1.2702e-05
1.3102e-05
1.1602e-05
1.2702e-05
1.1802e-05
1.1502e-05
1.3602e-05
1.5802e-05
1.2202e-05
2.6103e-05
2.7803e-05
2.6303e-05
2.6604e-05
3.3305e-05
2.5304e-05
4.0806e-05
2.5203e-05
2.6704e-05
2.5804e-05
2.5404e-05
2.6304e-05
2.4403e-05
2.5504e-05
2.6404e-05
2.6204e-05
2.7004e-05
2.5904e-05
2.4303e-05
2.5404e-05
4.6906e-05
2.5703e-05
2.6904e-05
2.3703e-05
2.6603e-05
2.6704e-05
2.7403e-05
7.011e-05
2.6403e-05
2.8604e-05
2.6404e-05
2.6004e-05
2.5904e-05
2.6803e-05
2.5604e-05
2.7504e-05
2.6303e-05
2.3903e-05
2.5904e-05
2.6404e-05
2.3803e-05
2.5904e-05
2.6104e-05
2.4003e-05
2.5903e-05
2.6803e-05
2.6704e-05
5.8509e-05
2.2704e-05
6.1109e-05
2.2503e-05
2.7004e-05
2.5704e-05
2.9804e-05
2.8104e-05
2.7404e-05
2.6004e-05
2.6904e-05
2.6203e-05
2.6304e-05
2.6104e-05
2.6704e-05
2.5403e-05
2.6604e-05
2.6404e-05
2.5104e-05
2.6204e-05
2.7704e-05
2.2303e-05
2.6504e-05
2.9705e-05
2.7304e-05
6.1909e-05
2.5404e-05
2.6303e-05
2.5004e-05
2.6504e-05
2.5704e-05
2.5604e-05
2.7704e-05
2.3303e-05
0.000185427
2.4703e-05
2.2103e-05
2.8004e-05
2.5004e-05
2.6803e-05
4.0905e-05
2.6804e-05
2.5203e-05
2.5604e-05
2.5004e-05
2.6804e-05
3.4805e-05
2.7804e-05
2.6504e-05
2.5704e-05
2.6904e-05
2.6204e-05
2.6104e-05
5.7108e-05
9.0313e-05
0.000100515
5.6008e-05
5.2707e-05
5.5308e-05
4.7607e-05
5.5708e-05
5.3008e-05
5.6908e-05
4.5507e-05
5.4308e-05
5.7508e-05
0.000325046
5.9009e-05
6.0109e-05
5.5708e-05
5.3708e-05
5.7009e-05
5.5508e-05
5.4508e-05
5.3708e-05
5.5008e-05
5.5608e-05
8.4012e-05
0.000102814
5.4108e-05
5.7908e-05
4.6406e-05
0.000119017
5.4607e-05
5.3707e-05
5.4908e-05
5.6608e-05
5.7908e-05
5.7909e-05
8.0812e-05
4.7007e-05
8.5512e-05
7.6111e-05
5.2908e-05
5.6608e-05
5.7709e-05
5.6908e-05
5.9008e-05
5.2507e-05
5.2808e-05
8.0211e-05
0.000102615
8.0711e-05
5.7308e-05
4.9807e-05
7.3611e-05
5.7408e-05
0.000107816
5.3607e-05
5.5708e-05
8.3312e-05
7.5911e-05
5.7508e-05
7.7511e-05
5.7308e-05
5.6808e-05
5.5007e-05
5.6708e-05
5.4307e-05
5.1307e-05
6.901e-05
4.6206e-05
4.7507e-05
8.0012e-05
7.2111e-05
8.2612e-05
5.0807e-05
6.3709e-05
5.1107e-05
7.221e-05
5.6308e-05
7.8411e-05
8.5812e-05
5.3808e-05
4.6607e-05
4.7607e-05
5.7808e-05
7.7611e-05
5.5408e-05
5.5808e-05
5.5808e-05
5.4107e-05
5.5408e-05
6.6509e-05
5.6308e-05
5.2107e-05
7.7411e-05
7.301e-05
7.2111e-05
5.3407e-05
5.2807e-05
5.5908e-05
5.7408e-05
0.000113516
0.000130619
0.000122418
0.000122918
0.000115517
0.000170424
0.000103014
0.000104115
0.000109515
0.000115617
0.000104015
0.000115916
0.000108815
0.000115716
0.000118217
0.000114816
0.000106216
0.000130719
0.000115317
0.000108115
0.000116616
0.000190927
0.000108716
0.000101214
0.000101614
0.000117316
0.000113016
0.000119617
0.000112016
0.000120217
0.000120918
0.000105115
9.9515e-05
0.000121017
0.000107115
0.00014092
0.000100914
0.000115817
0.000117017
9.7614e-05
0.000113416
0.000124318
0.000102915
0.000101715
0.000111516
0.000116016
0.000119417
0.000104815
0.000100314
0.000107915
0.000111515
0.000102115
0.000102315
0.000100714
0.000166123
0.000106516
0.000104915
0.000104115
0.000122718
0.000111616
0.000108016
0.000108116
0.000119817
0.000106615
9.9414e-05
0.000119217
0.000168524
9.9814e-05
9.8614e-05
0.00014452
0.000122617
0.000111516
9.7914e-05
0.000119417
0.000119317
0.000107415
0.000104915
0.000119717
0.000116817
0.000119317
0.000101115
0.000105315
0.000120417
0.000119817
0.000112916
0.000112416
0.000127218
0.000113116
0.000121217
0.000121217
0.000111016
0.000101114
0.000100415
0.000110816
0.000131919
0.000105615
9.8914e-05
0.000106915
0.000117917
0.000118617
0.000221932
0.000257236
0.000215431
0.000222932
0.000217831
0.000236734
0.000212831
0.000236634
0.000229532
0.000246035
0.000203529
0.00021273
0.000207629
0.000234333
0.000220131
0.000225332
0.000231433
0.00020513
0.000223932
0.000217331
0.000227732
0.000219832
0.000229833
0.000245335
0.000207729
0.000224432
0.00020983
0.000199928
0.000212231
0.000216931
0.000199229
0.000198828
0.000205729
0.000203529
0.00020593
0.000190727
0.000239634
0.000191827
0.000211731
0.000224032
0.000219831
0.000235333
0.000239034
0.000217231
0.000239434
0.000264738
0.000312044
0.000217731
0.000235534
0.000243835
0.000258437
0.000232933
0.000234034
0.000227933
0.00020963
0.00021323
0.000204929
0.000215231
0.000190527
0.00020723
0.000244435
0.000217231
0.000261137
0.000246035
0.000254036
0.00157413
0.000246236
0.000301943
0.000261037
0.000238334
0.000239134
0.000237334
0.000234633
0.000217431
0.000216131
0.000234333
0.000221031
0.000247935
0.000221732
0.00020833
0.000224232
0.000225132
0.000259737
0.000226433
0.000255536
0.000275539
0.000232633
0.000269938
0.000224932
0.000227533
0.000263138
0.000214531
0.000206829
0.00021703
0.000200529
0.000221731
0.000218932
0.000216031
0.000256237
0.000237634
0.000529375
0.000467266
0.000478768
0.000447064
0.000452364
0.000521575
0.000434862
0.000616988
0.000438662
0.000459765
0.000512874
0.000454365
0.000449364
0.000571081
0.000501072
0.000426161
0.000476568
0.000446064
0.000435062
0.00049087
0.000514274
0.000416859
0.000448664
0.000435362
0.000471167
0.000470367
0.00042596
0.000466267
0.000430162
0.000477568
0.00173565
0.000601886
0.000482269
0.000497271
0.000465467
0.000454865
0.00048947
0.000438162
0.000459366
0.00049577
0.000467567
0.000463567
0.000474568
0.000468567
0.000467667
0.000445264
0.000449064
0.000435562
0.000458065
0.000472968
0.000497871
0.000440863
0.000459466
0.000456965
0.000443064
0.000482769
0.00048987
0.000459265
0.00042186
0.000408559
0.000453765
0.000441563
0.000439863
0.000498671
0.000440863
0.000485969
0.000514774
0.000431261
0.000442663
0.000537876
0.000460366
0.000565281
0.000431561
0.000544278
0.000483969
0.000466867
0.000437663
0.000477168
0.000668596
0.000465166
0.000508872
0.000459565
0.00055748
0.000469667
0.000496371
0.000471367
0.000450964
0.00041976
0.000466566
0.000547078
0.00049427
0.000481068
0.000433462
0.000528275
0.000475767
0.000435462
0.000429961
0.000535476
0.000437562
0.000484269
0.00113806
0.00100794
0.00107455
0.00100954
0.000982939
0.00116467
0.00101394
0.00122587
0.00108745
0.00106695
0.00103805
0.00119197
0.00102355
0.00121437
0.00111066
0.00130248
0.00102845
0.00110276
0.00110296
0.00150201
0.00116917
0.00147071
0.00110756
0.00106035
0.00115016
0.00098614
0.00104705
0.00121217
0.00122097
0.00122457
0.00114886
0.00218711
0.0014348
0.0013882
0.00118207
0.00121357
0.000940134
0.000996141
0.00100064
0.00180676
0.00107605
0.00150031
0.00104475
0.00100334
0.00098114
0.000935734
0.000992442
0.00109066
0.00112766
0.00105625
0.000987141
0.00097804
0.00111056
0.00130069
0.0013732
0.000994742
0.000965738
0.00109546
0.00109946
0.000975839
0.00102765
0.00104465
0.00114556
0.00112866
0.00097314
0.00133869
0.00130039
0.00109226
0.00101705
0.00102675
0.00119437
0.00097474
0.00097684
0.00108106
0.00102255
0.00100244
0.00108616
0.000971239
0.00121327
0.00100324
0.00177365
0.00108216
0.00106525
0.000969939
0.000981741
0.00100144
0.000974539
0.00112996
0.00152892
0.00103455
0.00108025
0.00107385
0.00106985
0.00102604
0.000964734
0.00101534
0.00104585
0.00105545
0.000992338
0.00117426
0.002142
0.0021426
0.00222851
0.00225971
0.00206589
0.00231922
0.00252505
0.002168
0.00247314
0.0021909
0.00231255
0.00247547
0.00212323
0.00257859
0.00251918
0.00340648
0.00298583
0.00203483
0.00239617
0.00282211
0.00313685
0.00232016
0.00232543
0.00231773
0.0020883
0.00236954
0.00267788
0.00263658
0.00239454
0.00224062
0.00230083
0.0021101
0.0021164
0.0020936
0.00218611
0.00208299
0.00217041
0.00250385
0.00215801
0.00229603
0.00224192
0.00246685
0.00223201
0.00219571
0.00206799
0.00229672
0.00229452
0.00207432
0.00209793
0.00207912
0.00227835
0.00251237
0.00237986
0.00237056
0.00238876
0.00262648
0.00212233
0.00249087
0.00303473
0.00205648
0.00235629
0.00240669
0.00207538
0.00244849
0.00224749
0.00219038
0.00213858
0.00237739
0.00205099
0.00232053
0.00239104
0.00210189
0.00251469
0.00226715
0.00220544
0.00244518
0.00365107
0.00228516
0.00212203
0.00244238
0.00221565
0.00229546
0.00220034
0.00234277
0.00221381
0.0021371
0.00243324
0.00216891
0.00244854
0.00206649
0.00225932
0.0021605
0.00228262
0.00206859
0.0021646
0.00671804
0.00205184
0.00236833
0.00304461
0.00216754
