2.2e-06
1.301e-06
9.01e-07
1.5e-06
1.401e-06
1.3e-06
1.101e-06
1.1e-06
1.4e-06
2.1e-06
1.6e-06
1.2e-06
1.2e-06
1.7e-06
1.2e-06
1.4e-06
1.3e-06
1.401e-06
9e-07
1.4e-06
4e-07
4e-07
3e-07
4e-07
5e-07
4e-07
4e-07
3e-07
3e-07
4e-07
3e-07
5e-07
3e-07
3e-07
4e-07
4e-07
4e-07
2e-07
3e-07
3e-07
3e-07
3e-07
4e-07
2e-07
3e-07
4e-07
4e-07
4e-07
2e-07
3e-07
3.01e-07
3e-07
3e-07
4e-07
3e-07
4e-07
5e-07
3e-07
3e-07
3e-07
4e-07
5e-07
2e-07
4e-07
3e-07
4e-07
3e-07
4e-07
4e-07
3e-07
3e-07
3e-07
2e-07
4e-07
3e-07
4e-07
4e-07
3e-07
4e-07
4e-07
2e-07
2.3e-06
3e-07
4e-07
4e-07
4e-07
3e-07
3e-07
5e-07
4e-07
5e-07
3e-07
2.01e-07
3e-07
3e-07
3e-07
5e-07
4e-07
4e-07
2e-07
1.1e-06
1e-06
9e-07
1.2e-06
8e-07
1.101e-06
8e-07
1e-06
8e-07
1e-06
1.1e-06
9e-07
1.001e-06
8e-07
9e-07
1e-06
1e-06
7e-07
8e-07
9e-07
9e-07
7e-07
1.1e-06
9e-07
9.01e-07
1e-06
9e-07
8.01e-07
9e-07
7e-07
9e-07
9e-07
8.01e-07
9e-07
9e-07
8e-07
8.01e-07
1e-06
1e-06
8e-07
1e-06
8e-07
9e-07
9e-07
9e-07
1e-06
1e-06
7.01e-07
8.01e-07
7e-07
7e-07
9e-07
7e-07
8e-07
1e-06
7e-07
9e-07
9e-07
9e-07
9e-07
9e-07
8.01e-07
1e-06
8e-07
9e-07
8e-07
9.01e-07
1.201e-06
1e-06
1.001e-06
9e-07
1e-06
8e-07
8e-07
9e-07
8e-07
9e-07
8e-07
8e-07
9e-07
1.4e-06
8e-07
8e-07
9e-07
6e-07
8e-07
9e-07
9e-07
9e-07
9e-07
8.01e-07
8e-07
9e-07
9e-07
9e-07
9e-07
7e-07
8e-07
8e-07
1.1e-06
2.4e-06
2.501e-06
2.5e-06
2.8e-06
2.801e-06
2.8e-06
2.601e-06
2.701e-06
2.9e-06
2.2e-06
2.601e-06
3.001e-06
3.301e-06
2.9e-06
4.0806e-05
2.601e-06
2.5e-06
2.5e-06
2.2e-06
3.2e-06
3.2e-06
3.101e-06
2.901e-06
2.8e-06
2.9e-06
3.201e-06
2.8e-06
2.4e-06
2.4e-06
2.5e-06
2.9104e-05
2.4e-06
2.801e-06
2.9e-06
2.401e-06
2.701e-06
3.3e-06
2.701e-06
2.5e-06
2.701e-06
3e-06
2.601e-06
2.7e-06
3e-06
2.7e-06
2.401e-06
2.6e-06
2.7e-06
3.001e-06
2.7e-06
3e-06
2.5e-06
2.8e-06
2.9e-06
2.401e-06
2.701e-06
2.8e-06
2.8e-06
2.5e-06
2.9e-06
2.6e-06
2.4e-06
2.6e-06
2.5e-06
2.801e-06
2.2e-06
2.501e-06
2.7e-06
2.701e-06
2.5e-06
2.601e-06
2.401e-06
2.601e-06
2.4e-06
2.801e-06
2.8e-06
2.2e-06
2.601e-06
2.1e-06
3.301e-06
2.8e-06
2.4e-06
2.7e-06
2.7e-06
3.101e-06
2.5e-06
2.901e-06
2.8e-06
2.501e-06
2.101e-06
2.201e-06
2.1e-06
1.9e-06
1.7e-06
2.701e-06
2.1e-06
2.8e-06
2.6e-06
2.401e-06
2.301e-06
9.101e-06
9.802e-06
9.101e-06
9.302e-06
9.101e-06
9.202e-06
1.0101e-05
1.0502e-05
9.601e-06
9.502e-06
9.201e-06
9.301e-06
9.001e-06
9.902e-06
1.0501e-05
1.0001e-05
1.0101e-05
9.601e-06
9.101e-06
9.801e-06
1.0001e-05
1.0702e-05
1.0802e-05
1.0001e-05
1.0002e-05
9.701e-06
9.801e-06
1.0401e-05
9.902e-06
9.901e-06
9.601e-06
9.501e-06
9.001e-06
1.0101e-05
9.002e-06
9.801e-06
1.0702e-05
9.301e-06
1.0401e-05
8.802e-06
1.0201e-05
9.901e-06
1.0101e-05
1.0802e-05
1.0202e-05
7.701e-06
9.402e-06
9.402e-06
1.0601e-05
1.0001e-05
1.0401e-05
1.1302e-05
1.0101e-05
1.0301e-05
8.801e-06
8.901e-06
1.0302e-05
8.901e-06
9.501e-06
9.802e-06
1.0501e-05
1.0401e-05
1.1201e-05
3.1705e-05
8.801e-06
8.001e-06
9.802e-06
9.902e-06
9.801e-06
9.001e-06
1.0102e-05
9.901e-06
9.901e-06
1.0702e-05
1.0202e-05
1.0701e-05
1.0802e-05
1.0601e-05
9.901e-06
9.501e-06
1.0202e-05
1.0301e-05
1.0002e-05
8.302e-06
9.501e-06
9.702e-06
8.501e-06
1.0702e-05
8.902e-06
1.0502e-05
1.0602e-05
1.0302e-05
9.602e-06
9.801e-06
1.0602e-05
9.601e-06
9.801e-06
9.801e-06
1.0301e-05
7.5111e-05
3.4105e-05
3.5205e-05
3.5005e-05
9.6214e-05
3.3705e-05
5.7208e-05
3.4205e-05
3.5105e-05
3.4305e-05
3.5805e-05
3.6205e-05
3.7506e-05
4.0306e-05
3.6706e-05
3.5605e-05
3.3305e-05
3.5105e-05
3.8605e-05
3.3805e-05
3.4205e-05
3.4905e-05
3.4005e-05
3.3004e-05
3.7905e-05
3.4005e-05
3.3105e-05
3.5005e-05
3.3805e-05
3.3405e-05
3.4705e-05
3.4505e-05
3.3405e-05
3.7406e-05
2.9704e-05
3.3405e-05
3.6205e-05
3.4005e-05
3.5005e-05
3.5305e-05
3.4405e-05
3.3105e-05
3.5805e-05
3.6106e-05
3.3705e-05
6.1109e-05
3.5705e-05
3.3605e-05
3.6505e-05
3.3905e-05
3.4705e-05
3.3805e-05
3.0905e-05
3.9006e-05
3.5005e-05
3.5005e-05
3.6105e-05
3.5105e-05
3.4905e-05
3.3504e-05
3.1904e-05
3.4905e-05
3.3405e-05
3.4305e-05
3.5605e-05
3.5305e-05
3.3504e-05
3.4705e-05
5.4108e-05
3.5105e-05
7.3911e-05
3.4405e-05
3.7006e-05
3.4105e-05
3.6706e-05
3.4605e-05
3.4204e-05
3.3005e-05
3.2305e-05
3.6906e-05
3.3104e-05
3.2804e-05
3.2205e-05
3.2505e-05
3.6906e-05
3.6605e-05
3.6205e-05
3.6305e-05
3.4805e-05
3.4105e-05
4.8507e-05
3.4405e-05
3.2905e-05
3.4205e-05
3.3705e-05
5.3707e-05
3.4405e-05
3.7605e-05
3.1704e-05
3.9605e-05
3.1305e-05
0.000165624
0.000134219
0.000132319
0.000125317
0.000128519
0.000135519
0.000131519
0.000217531
0.000178526
0.000132819
0.000129018
0.000129618
0.000166524
0.000128818
0.00013352
0.000128618
0.000129718
0.000140621
0.000126418
0.000204729
0.000184226
0.000154422
0.000134119
0.000131518
0.000127018
0.000147121
0.00013502
0.000153422
0.000125318
0.000137919
0.000128019
0.000135919
0.000129219
0.000130118
0.000131919
0.000138319
0.000150822
0.000133819
0.000130819
0.000168824
0.000111416
0.000119017
0.000135819
0.000172025
0.000138619
0.000134719
0.000131319
0.000173625
0.000153522
0.000129618
0.00014182
0.000166123
0.000171824
0.00014302
0.000122618
0.000131119
0.000129518
0.00013492
0.000128718
0.000133819
0.000135519
0.000130119
0.00014042
0.00013602
0.000130419
0.000142221
0.00013492
0.000156222
0.00013752
0.000135119
0.000147621
0.000158623
0.000154322
0.00014042
0.000125017
0.000133819
0.000131919
0.000217231
0.000134219
0.000130319
0.000216531
0.000118617
0.000129218
0.000158822
0.000133419
0.000130919
0.000126118
0.00013612
0.00013722
0.000124618
0.000135619
0.000128018
0.000148521
0.00013752
0.000131819
0.00013812
0.000134819
0.000127918
0.000127118
0.000137919
0.000845521
0.000617188
0.000818317
0.000518974
0.000506273
0.000472168
0.000532976
0.000521074
0.000493471
0.00049127
0.000444763
0.000441363
0.000521074
0.000528276
0.000504872
0.000566581
0.000538777
0.000536576
0.000586184
0.000511273
0.000519674
0.00049137
0.000522775
0.000473368
0.000546378
0.000655493
0.000627389
0.000688398
0.000723603
0.000518274
0.00055478
0.000511373
0.000508472
0.000525474
0.000493171
0.000590785
0.000552779
0.000626589
0.000571382
0.000574082
0.000504972
0.000448564
0.000519974
0.000512873
0.000519274
0.000552479
0.000678497
0.000552578
0.000496771
0.000580583
0.000644092
0.000515974
0.000493771
0.000508773
0.000762408
0.000661695
0.000666295
0.000646192
0.000482569
0.00049107
0.00056018
0.000687098
0.000450164
0.000515474
0.000580382
0.000606586
0.000506972
0.000462366
0.000533376
0.000528175
0.000622589
0.000555579
0.00048867
0.00062679
0.000742606
0.000593384
0.000530575
0.000543978
0.000550979
0.000509573
0.000769309
0.000650393
0.000505072
0.00056438
0.000614687
0.000612088
0.000470467
0.000452865
0.000480469
0.000547978
0.000548078
0.000508973
0.000860022
0.000527975
0.000670896
0.000587484
0.00049047
0.000499771
0.000502572
0.000506473
0.00179246
0.00261997
0.00182586
0.00180146
0.00173525
0.00199488
0.00182296
0.00176295
0.00181456
0.00249066
0.00186587
0.00179966
0.00181026
0.00190137
0.00205149
0.0020866
0.00176155
0.00177345
0.00185637
0.00200529
0.00178525
0.00177115
0.00203609
0.00180076
0.00174535
0.00172485
0.00183706
0.00200379
0.00192318
0.00186046
0.00183046
0.00190387
0.00192087
0.00179436
0.00182696
0.00196448
0.00203909
0.0020931
0.00183006
0.00189227
0.00193488
0.00200739
0.00180576
0.00173565
0.00185816
0.00192877
0.00187307
0.00178565
0.00180486
0.00183186
0.00202229
0.00179916
0.00176565
0.00179436
0.00218541
0.00179696
0.00181596
0.00180586
0.00181626
0.00204119
0.00196338
0.00186317
0.00178225
0.00221532
0.00217281
0.00171974
0.00177555
0.00177685
0.00183096
0.00195538
0.00206069
0.00193327
0.00200669
0.00189497
0.00178065
0.00180076
0.00239564
0.00177905
0.00204529
0.00186837
0.00180416
0.00192398
0.00173955
0.00198038
0.00181466
0.00204009
0.00179446
0.00176795
0.00195128
0.00183576
0.00189487
0.00181176
0.00171995
0.00185677
0.00185666
0.00223012
0.00182056
0.00181026
0.00179696
0.00205459
0.00693859
0.00766189
0.00709291
0.0070246
0.00680947
0.00671176
0.00677807
0.00725503
0.00648823
0.00641981
0.00670596
0.00654553
0.00618568
0.00646412
0.00720113
0.00687858
0.00643262
0.00650663
0.00684008
0.00693089
0.00622469
0.00648733
0.00651213
0.00690949
0.00694559
0.00667765
0.00650443
0.00653723
0.00656124
0.00649853
0.00660894
0.00683137
0.00686718
0.00649103
0.00627479
0.00641731
0.00620568
0.00691929
0.00675516
0.00643252
0.0063278
0.00667415
0.0070065
0.0070456
0.00687648
0.00721823
0.0100463
0.00751137
0.00744726
0.00711381
0.0083975
0.00788842
0.00745986
0.00726784
0.00691859
0.00664015
0.00653803
0.00625279
0.0063305
0.00654323
0.00689288
0.0063194
0.00776431
0.0076855
0.00709991
0.00897718
0.0090873
0.00857782
0.00927872
0.00820037
0.00812986
0.00706871
0.00706811
0.00731184
0.0070082
0.00695399
0.00667965
0.00710161
0.00665935
0.00649743
0.00746837
0.0076906
0.00463398
0.00714782
0.00797954
0.0070327
0.00707041
0.00759298
0.00714822
0.00690319
0.0070064
0.0069842
0.00713482
0.00623399
0.00609417
0.00627179
0.0062859
0.00615978
0.00647572
0.00726484
0.0256005
0.0250595
0.0242086
0.0243289
0.0243535
0.0260237
0.0260713
0.0242114
0.0279267
0.0246426
0.0246364
0.0256151
0.0244834
0.0245655
0.0244189
0.024703
0.0257845
0.0258145
0.0240793
0.0251177
0.0243685
0.0257044
0.0240863
0.0242539
0.0243256
0.0241718
0.0241337
0.0269165
0.025475
0.0246789
0.0251122
0.0309927
0.028621
0.0254002
0.0259716
0.0247727
0.026021
0.0241589
0.0246029
0.0246528
0.0248735
0.023935
0.0243883
0.0241487
0.0248755
0.0242042
0.0263203
0.0244246
0.0242745
0.0239794
0.0249461
0.025466
0.025259
0.0246705
0.0247321
0.0265888
0.0247039
0.0252972
0.024692
0.0242064
0.0242923
0.0246765
0.0236835
0.0261447
0.0252812
0.026821
0.0251525
0.0248927
0.0265937
0.0271061
0.0242189
0.0245738
0.0269905
0.0245031
0.0266862
0.0249646
0.0257999
0.0248979
0.0252622
0.0264238
0.0255656
0.0245851
0.0254062
0.0250834
0.0246349
0.0249967
0.0252725
0.0264245
0.0279464
0.0258054
0.0255298
0.0253862
0.0246053
0.0243586
0.0265773
0.0275156
0.0270273
0.0266149
0.024527
0.024917
0.097391
0.0982172
0.0974596
0.101103
0.0967097
0.0981161
0.0988387
0.0976023
0.105196
0.102908
0.117888
0.101723
0.100284
0.0982445
0.0993889
0.0981056
0.101245
0.0974523
0.0978887
0.106748
0.100871
0.0986955
0.0991408
0.0978861
0.100903
0.107671
0.0979037
0.103032
0.120391
0.129492
0.139739
0.14984
0.152484
0.117394
0.11022
0.0985495
0.0985031
0.0999618
0.0986797
0.102448
0.116908
0.099198
0.0988495
0.12529
0.0991404
0.0972433
0.0971442
0.0990741
0.0988964
0.110124
0.0966505
0.0990727
0.102077
0.0982982
0.105064
0.10311
0.0984994
0.100068
0.105164
0.097766
0.0966823
0.0974994
0.102767
0.0981376
0.0993425
0.0988291
0.103233
0.0987734
0.100342
0.0975738
0.0993346
0.0972735
0.0968507
0.0987354
0.0966515
0.0972884
0.0977847
0.0969453
0.109783
0.0973303
0.0980142
0.104519
0.0970405
0.0966411
0.102093
0.103391
0.0972144
0.112319
0.104617
0.11106
0.098665
0.0972161
0.0969233
0.101121
0.0985459
0.0980799
0.102656
0.0967482
0.103115
0.101648
0.423926
0.401408
0.392538
0.392653
0.391557
0.405717
0.394651
0.39558
0.391685
0.394491
0.396278
0.40866
0.421726
0.390385
0.425316
0.41524
0.405327
0.399929
0.390279
0.51111
0.396732
0.402426
0.413398
0.394494
0.394542
0.392086
0.396663
0.410495
0.415451
0.403047
0.395449
0.3939
0.397582
0.408874
0.395326
0.39804
0.395084
0.395033
0.392842
0.39287
0.397575
0.391195
0.391322
0.447354
0.395738
0.393486
0.428719
0.406693
0.401208
0.403905
0.39009
0.413001
0.395203
0.392526
0.40178
0.393567
0.401382
0.392485
0.423708
0.412437
0.408543
0.397301
0.39366
0.395788
0.394191
0.40764
0.393411
0.41265
0.40605
0.40098
0.402034
0.407147
0.397536
0.406346
0.436177
0.41266
0.495773
0.453608
0.395248
0.39475
0.402527
0.392375
0.389149
0.390715
0.393276
0.395685
0.392635
0.39353
0.403856
0.448874
0.389682
0.401233
0.44716
0.401402
0.423432
0.400705
0.393448
0.394582
0.399667
0.420644
