1.8e-06
3.1e-06
4.4e-06
5.701e-06
7.201e-06
8.701e-06
9.701e-06
1.0901e-05
1.1902e-05
1.3303e-05
1.4403e-05
1.5403e-05
1.6803e-05
1.8003e-05
1.9003e-05
2.0003e-05
2.0903e-05
2.2503e-05
2.3403e-05
2.4803e-05
2.5703e-05
2.6603e-05
2.7503e-05
2.8303e-05
2.9203e-05
3.0103e-05
3.1003e-05
3.2103e-05
3.3203e-05
3.4203e-05
3.4503e-05
3.4803e-05
3.5103e-05
3.5403e-05
3.5703e-05
3.5903e-05
3.6203e-05
3.6403e-05
3.6703e-05
3.7003e-05
3.7203e-05
3.7603e-05
3.7903e-05
3.8103e-05
3.8303e-05
3.8503e-05
3.8804e-05
3.9104e-05
3.9304e-05
3.9504e-05
3.9804e-05
4.0004e-05
4.0404e-05
4.0904e-05
4.1204e-05
4.1504e-05
4.1804e-05
4.2104e-05
4.2504e-05
4.2804e-05
4.3004e-05
4.3404e-05
4.3704e-05
4.4104e-05
4.4404e-05
4.4804e-05
4.5204e-05
4.5504e-05
4.5804e-05
4.6204e-05
4.6604e-05
4.7004e-05
4.7304e-05
4.7504e-05
4.7704e-05
4.8004e-05
4.8304e-05
4.8604e-05
4.8804e-05
4.9004e-05
4.9304e-05
4.9604e-05
4.9904e-05
5.0204e-05
5.0504e-05
5.0804e-05
5.1104e-05
5.1404e-05
5.1604e-05
5.1804e-05
5.2004e-05
5.2404e-05
5.2804e-05
5.3104e-05
5.3304e-05
5.3504e-05
5.3704e-05
5.4104e-05
5.4304e-05
5.4604e-05
5.5605e-05
5.6505e-05
5.7405e-05
5.8105e-05
5.9005e-05
5.9705e-05
6.0605e-05
6.1505e-05
6.2205e-05
6.3205e-05
6.4105e-05
6.4905e-05
6.5605e-05
6.6305e-05
6.7105e-05
9.7109e-05
9.7809e-05
9.8409e-05
9.9509e-05
0.000100309
0.000101109
0.000102009
0.000102709
0.000103609
0.000104409
0.000105109
0.000106009
0.000106809
0.000107709
0.00010861
0.00010941
0.00011011
0.00011091
0.00011151
0.00011231
0.00011291
0.00011371
0.00011441
0.00011521
0.00011591
0.00011671
0.00011751
0.00011811
0.00011881
0.00011951
0.00012011
0.00012091
0.00012141
0.00012221
0.00012301
0.00012361
0.00012431
0.00012501
0.00012581
0.00012681
0.00012751
0.00012841
0.00012931
0.00013001
0.00013081
0.00013161
0.00013241
0.00013331
0.00013411
0.00013481
0.00013601
0.000136811
0.000137211
0.000138111
0.000138611
0.000139212
0.000140012
0.000140812
0.000141512
0.000142412
0.000143012
0.000143712
0.000144412
0.000145412
0.000146313
0.000147513
0.000148113
0.000148814
0.000149614
0.000150414
0.000151214
0.000152014
0.000152914
0.000153714
0.000154314
0.000155214
0.000156114
0.000156914
0.000157814
0.000158814
0.000159514
0.000160114
0.000160715
0.000161315
0.000161915
0.000164415
0.000166615
0.000169415
0.000171815
0.000174316
0.000177016
0.000179317
0.000182018
0.000184418
0.000187218
0.000189718
0.000192518
0.000195219
0.000198019
0.000201019
0.000204019
0.00020712
0.00020982
0.00021242
0.00021552
0.00021802
0.00022112
0.000224121
0.000227021
0.000229821
0.000232222
0.000234723
0.000237523
0.000240124
0.000242625
0.000245225
0.000248425
0.000251526
0.000254426
0.000257126
0.000259927
0.000262528
0.000264928
0.000267928
0.000273529
0.000276129
0.00027873
0.000281031
0.000283831
0.000286731
0.000289231
0.000291531
0.000293731
0.000296431
0.000298931
0.000301831
0.000304932
0.000307632
0.000310532
0.000313333
0.000315833
0.000318234
0.000321135
0.000323636
0.000326237
0.000328638
0.000331039
0.000333739
0.000336139
0.000338439
0.00034074
0.000344441
0.000347042
0.000349942
0.000352842
0.000355642
0.000357942
0.000360842
0.000364043
0.000366643
0.000368943
0.000371943
0.000374443
0.000376944
0.000380044
0.000382345
0.000385046
0.000387547
0.000389948
0.000392549
0.00039525
0.000397751
0.000400552
0.000403153
0.000405753
0.000408254
0.000411155
0.000413956
0.000416756
0.000418957
0.000421958
0.000424659
0.000427259
0.000430359
0.000433259
0.00044366
0.000452361
0.000460862
0.000470864
0.000481565
0.000491567
0.000500968
0.000510969
0.00052147
0.000529871
0.000539672
0.000548673
0.000558775
0.000567576
0.000576977
0.000585778
0.000594979
0.00060448
0.000615382
0.000625384
0.000634685
0.000644287
0.000652888
0.000662489
0.00067189
0.000681791
0.000691692
0.000700693
0.000710394
0.000720396
0.000730397
0.000740399
0.0007508
0.000761401
0.000770402
0.000779204
0.000789305
0.000798406
0.000808708
0.00081831
0.000827711
0.000835812
0.000845713
0.000855915
0.000864516
0.000873418
0.000882919
0.000892721
0.000901922
0.000911524
0.000920225
0.000929626
0.000939027
0.000948328
0.00095783
0.000967431
0.000976132
0.000986533
0.000996334
0.00100684
0.00101614
0.00102644
0.00103514
0.00104524
0.00105474
0.00106294
0.00107195
0.00108115
0.00109015
0.00109915
0.00110755
0.00111665
0.00112705
0.00113665
0.00114726
0.00121056
0.00122087
0.00125127
0.00126107
0.00126967
0.00130338
0.00131328
0.00132268
0.00133208
0.00134188
0.00135068
0.00136038
0.00136989
0.00137969
0.00138849
0.00139799
0.00140599
0.00141569
0.00142449
0.00143319
0.00144159
0.0014516
0.0015202
0.00153071
0.00154031
0.00157631
0.00161392
0.00165312
0.00168833
0.00172033
0.00175673
0.00179084
0.00182474
0.00185955
0.00189345
0.00192686
0.00196056
0.00199637
0.00203117
0.00206467
0.00210438
0.00213979
0.00217609
0.0022701
0.00230341
0.00234191
0.00237202
0.00240722
0.00247403
0.00256574
0.00260275
0.00263765
0.00267425
0.00271236
0.00274816
0.00278427
0.00281997
0.00285538
0.00289178
0.00292759
0.00296009
0.0029949
0.0030283
0.0030609
0.00309341
0.00312621
0.00315952
0.00319432
0.00325523
0.00329003
0.00332304
0.00335504
0.00338745
0.00341965
0.00349796
0.00353046
0.00356537
0.00367328
0.00370779
0.00373449
0.0037712
0.0037969
0.0038236
0.00385131
0.00388531
0.00391791
0.00394962
0.00398482
0.00402013
0.00405773
0.00409194
0.00412574
0.00417185
0.00420695
0.00424336
0.00428056
0.00431517
0.00435047
0.00438478
0.00441918
0.00445099
0.00448799
0.00452259
0.0045582
0.0045922
0.00462671
0.00466171
0.00469592
0.00472862
0.00476373
0.00480073
0.00483223
0.00486934
0.00490424
0.00493205
0.00496135
0.00499645
0.00503196
0.00506686
0.00509767
0.00513117
0.00516458
0.00520018
0.00523629
0.00526979
0.00539641
0.00552863
0.00564774
0.00579496
0.00592718
0.0060631
0.00619521
0.00631093
0.00644644
0.00657176
0.00669568
0.00682419
0.00694891
0.00708523
0.00721204
0.00733976
0.00748968
0.00760279
0.00772891
0.00786133
0.00809876
0.00825868
0.0083769
0.00853531
0.00866393
0.00881685
0.00893737
0.00906028
0.0092216
0.00934082
0.00952804
0.00970856
0.00983828
0.009976
0.0101129
0.0102471
0.0103821
0.0105176
0.0106423
0.010764
0.010895
0.0110141
0.0111432
0.0112694
0.0114006
0.01153
0.0116521
0.0117842
0.0119158
0.0120448
0.0121754
0.0122826
0.0124207
0.012547
0.0127528
0.0128751
0.013037
0.0131832
0.0132924
0.0135662
0.0136964
0.014012
0.0141147
0.014361
0.0145921
0.0146965
0.0148279
0.0149732
0.0152084
0.015325
0.0154574
0.0155887
0.0157181
0.015843
0.0159721
0.0160974
0.0162225
0.0163528
0.0164731
0.0166036
0.0167205
0.0168506
0.0169817
0.0171115
0.0172537
0.0173804
0.0175146
0.0176525
0.0177796
0.0178857
0.0180047
0.0181415
0.0182736
0.018403
0.0185336
0.0186603
0.0187758
0.0189037
0.0190341
0.0191717
0.0196123
0.0200506
0.0205246
0.0212649
0.0217659
0.0224206
0.0228932
0.0236864
0.0241819
0.024616
0.0250507
0.0255895
0.0260141
0.0264963
0.0269756
0.0274285
0.0278637
0.0283362
0.0288312
0.0293289
0.0297956
0.0302679
0.0307569
0.0315365
0.0319923
0.0326633
0.0331055
0.0335331
0.0340085
0.0344646
0.0349895
0.0355708
0.0360519
0.0366133
0.0371076
0.0375394
0.0380051
0.0384621
0.0389474
0.0394445
0.0399366
0.0404194
0.0409749
0.0414722
0.0419833
0.0424448
0.0429356
0.0435516
0.0439997
0.0445245
0.0449698
0.0454616
0.045901
0.0463836
0.0468419
0.0472693
0.0477803
0.0482583
0.0486867
0.0491655
0.0496418
0.0501097
0.0505894
0.0510609
0.0516015
0.05208
0.0524883
0.0530036
0.0534177
0.0539004
0.0543885
0.0549327
0.0555416
0.0559985
0.0565153
0.0570338
0.0575422
0.0581037
0.0587354
0.0593021
0.0598759
0.0604513
0.0610107
0.0621159
0.0625648
0.0631099
0.0635574
0.0640794
0.0645373
0.0650048
0.0654622
0.0658852
0.0664369
0.0669237
0.0675877
0.0681326
0.0686142
0.0690976
0.0695462
0.0700361
0.0717727
0.0736454
0.0755083
0.0772691
0.0791747
0.080893
0.0826699
0.0845329
0.0862481
0.0879319
0.0896
0.0912748
0.0929472
0.0945984
0.0962409
0.097751
0.0993253
0.100865
0.102449
0.103974
0.105562
0.10718
0.108734
0.110201
0.11175
0.113256
0.114692
0.116145
0.117565
0.118993
0.1204
0.121791
0.123273
0.124782
0.127881
0.130228
0.132086
0.133839
0.135578
0.137267
0.139043
0.140912
0.143061
0.144939
0.146831
0.148644
0.150365
0.152093
0.15394
0.155653
0.157681
0.159649
0.161293
0.163042
0.164741
0.166512
0.16822
0.170258
0.172064
0.173879
0.17569
0.177504
0.179213
0.181084
0.182947
0.184771
0.186554
0.18834
0.19015
0.191941
0.193594
0.195319
0.197073
0.198791
0.200733
0.202461
0.204221
0.206098
0.207888
0.20965
0.211554
0.213426
0.215263
0.21749
0.21917
0.220909
0.222633
0.224396
0.226793
0.228623
0.230676
0.232445
0.23414
0.23589
0.237618
0.23935
0.241338
0.243065
0.244806
0.246555
0.253337
0.260664
0.26744
0.274487
0.28131
0.288145
0.294386
0.30083
0.307163
0.313528
0.319632
0.325873
0.332316
0.338434
0.344451
0.3507
0.357362
0.36338
0.36959
0.37595
0.382341
0.388981
0.395779
0.402655
0.409272
0.415488
0.421973
0.428138
0.434182
0.440218
0.446423
0.452951
0.459199
0.465332
0.472179
0.478437
0.485331
0.492862
0.499099
0.506116
0.51237
0.518596
0.524904
0.531492
0.538587
0.54699
0.554104
0.561058
0.567904
0.574511
0.581503
0.587813
0.594172
0.600486
0.606658
0.61448
0.620863
0.627461
0.633511
0.639761
0.646017
0.652393
0.65861
0.665447
0.672301
0.678769
0.68525
0.691604
0.698387
0.704649
0.710767
0.717126
0.723233
0.729505
0.735575
0.742123
0.748401
0.754548
0.760485
0.767158
0.773234
0.779468
0.785582
0.791667
0.798087
0.803947
0.81012
0.816073
0.822138
0.828551
0.834724
0.841935
0.848587
0.855136
0.861276
0.867277
0.873321
0.879561
0.885482
0.891644
0.916184
0.94066
0.965225
0.990058
1.01591
1.04055
1.06452
1.08873
1.114
1.13982
1.16378
1.18798
1.21198
1.23674
1.26069
1.28445
1.30881
1.33376
1.35794
1.38251
1.40638
1.43045
1.45571
1.47965
1.50401
1.52911
1.55395
1.57757
1.60205
1.62638
1.65134
1.67695
1.70064
1.7248
1.74986
1.77378
1.79798
1.82228
1.8472
1.87166
1.89586
1.91993
1.9444
1.96866
1.99362
2.01741
2.04097
2.06651
2.09084
2.11514
2.13945
2.16403
2.18831
2.21285
2.23671
2.26098
2.28554
2.3099
2.33564
2.35947
2.38336
2.41337
2.44057
2.46734
2.4922
2.52631
2.55486
2.58087
2.60491
2.63115
2.65522
2.67967
2.70378
2.72849
2.7526
2.77734
2.80256
2.8279
2.85225
2.87719
2.90418
2.92931
2.95458
2.97881
3.00509
3.02979
3.05411
3.0785
3.10234
3.12728
3.15158
3.17614
3.20029
3.22477
3.24932
3.27346
3.29756
3.3226
3.34772
3.37178
3.46994
3.56611
3.66651
3.76417
3.86293
3.9619
4.05803
4.15588
4.25452
4.39601
4.49685
4.59531
4.69459
4.79257
4.88717
4.98656
5.0871
5.18382
5.29546
5.41186
5.51659
5.61429
5.71063
5.81332
5.91041
6.00647
6.1019
6.19947
6.31051
6.41025
6.50732
6.60517
6.70126
6.80113
6.90549
7.00343
7.1009
7.20665
7.31523
7.4153
7.51411
7.61538
7.71473
7.81168
7.90813
8.00485
8.10338
8.20727
8.3139
8.40889
8.50414
8.60471
8.70067
8.79684
8.89797
8.9942
9.08997
9.18813
9.29227
9.39216
9.50447
9.60113
9.69833
9.79422
9.89734
9.99828
10.101
10.1982
10.2948
10.4011
10.5015
10.5984
10.6987
10.7949
10.895
10.991
11.0909
11.2064
11.3114
11.4086
11.506
11.6019
11.6979
11.7964
11.8907
11.9879
12.0871
12.1836
12.2807
12.382
12.4787
12.5752
12.672
12.7792
12.8764
12.9762
13.0764
13.1725
13.2713
13.3717
13.7751
14.2235
14.6192
15.0446
15.4366
15.8383
16.2405
16.6303
17.0292
17.4201
17.8402
18.2506
18.6485
19.0592
19.4483
19.8357
20.2345
20.6234
21.0153
21.4183
21.8067
22.2122
22.6049
23.0031
23.3936
23.8294
24.2255
24.6231
25.0132
25.4101
25.834
26.2286
26.7107
27.1915
27.6246
28.0174
28.4059
28.8051
29.1939
29.5918
29.9916
30.3917
30.7883
31.1756
31.5759
31.9757
32.3735
32.7813
33.174
33.6152
34.0195
34.4128
34.8136
35.2063
35.6272
36.0246
36.4168
36.8097
37.2118
37.6
38.001
38.395
38.784
39.1781
39.5825
39.9954
40.3963
40.7958
41.186
41.5837
41.9922
42.3937
42.8016
43.2429
43.6353
44.0284
44.4339
44.8228
45.3082
45.7082
46.1013
46.4941
46.8882
47.2898
47.6848
48.0825
48.475
48.8653
49.256
49.6536
50.0518
50.4419
50.8343
51.2284
51.6317
52.0251
52.4317
52.8222
53.2698
53.6708
