1.8102e-07
2.38637e-06
6.61801e-06
6.61602e-06
7.56017e-06
9.52546e-06
1.23269e-05
1.20808e-05
1.72907e-05
2.03721e-05
1.50503e-05
2.33596e-05
2.27365e-05
2.26765e-05
2.42847e-05
4.26175e-05
3.12068e-05
3.58285e-05
3.30061e-05
4.00302e-05
4.71032e-05
3.62456e-05
4.03932e-05
4.48829e-05
4.39868e-05
4.81584e-05
4.5405e-05
4.73023e-05
4.87255e-05
5.09748e-05
5.28841e-05
5.69827e-05
6.45368e-05
5.56185e-05
6.96104e-05
5.9278e-05
7.04366e-05
6.49298e-05
6.39787e-05
7.05176e-05
6.98125e-05
7.74365e-05
7.67514e-05
7.75555e-05
8.27372e-05
9.14574e-05
9.78913e-05
8.39294e-05
8.63447e-05
0.000100427
