1.9e-08
1.59325e-06
4.28965e-06
8.97538e-06
1.49333e-05
2.21414e-05
2.89144e-05
4.00402e-05
5.1926e-05
6.11394e-05
7.1792e-05
9.05129e-05
0.000104315
0.000145035
0.000138031
0.000184672
0.000189138
0.000209571
0.000237651
0.000254149
0.000275486
0.000420093
0.0003229
0.000375972
0.000408158
0.000435256
0.000475307
0.000477087
0.00053466
0.000575958
0.000659217
0.000638883
0.000675819
0.000733541
0.000804691
0.000815033
0.00084751
0.000960407
0.00095657
0.000989866
0.00104002
0.00107304
0.00115964
0.00118942
0.00129572
0.00133594
0.00150047
0.00146375
0.001474
0.00158256
