1.9e-08
8.3713e-07
1.87328e-06
5.74888e-06
5.88191e-06
9.41945e-06
1.04296e-05
1.20138e-05
1.45372e-05
1.82688e-05
2.33676e-05
2.80003e-05
2.66171e-05
4.89785e-05
3.66046e-05
4.11253e-05
4.97986e-05
5.1966e-05
5.96402e-05
6.59321e-05
8.23436e-05
6.75624e-05
7.22181e-05
8.21356e-05
8.65013e-05
9.45385e-05
9.90412e-05
0.000106893
0.000118885
0.000128006
0.000129738
0.000147489
0.000149367
0.000151927
0.000163086
0.000177674
0.000181097
0.000223061
0.00043562
0.000207909
0.000223762
0.000219819
0.000246892
0.00024371
0.000259429
0.000266648
0.000311608
0.000285099
0.000311445
0.000343431
