2.7e-08
5.3008e-07
9.6815e-07
1.57024e-06
2.13333e-06
3.43953e-06
3.8746e-06
4.20765e-06
5.69988e-06
4.91075e-06
6.52001e-06
8.56831e-06
8.31828e-06
8.89536e-06
1.04176e-05
1.12217e-05
1.22869e-05
1.33941e-05
1.2814e-05
1.25139e-05
1.51843e-05
1.35761e-05
1.65585e-05
2.56529e-05
1.84928e-05
1.88809e-05
1.82528e-05
2.11713e-05
2.21024e-05
2.31856e-05
2.43197e-05
2.27121e-05
2.74957e-05
2.1895e-05
2.41263e-05
3.03211e-05
2.83028e-05
3.40886e-05
2.56675e-05
2.9201e-05
3.20434e-05
2.99521e-05
3.10332e-05
3.54798e-05
3.38636e-05
3.38636e-05
3.80612e-05
3.44947e-05
4.33989e-05
7.83709e-05
