1.4e-08
5.0808e-07
6.401e-07
1.14418e-06
1.9313e-06
2.43737e-06
3.2305e-06
4.79174e-06
1.04466e-05
6.83505e-06
8.03223e-06
9.95353e-06
1.12187e-05
1.00085e-05
1.25419e-05
2.18884e-05
1.98561e-05
1.82078e-05
2.19684e-05
2.08732e-05
2.35326e-05
2.69351e-05
3.15338e-05
3.12578e-05
3.50484e-05
4.06183e-05
4.15534e-05
4.97747e-05
4.60111e-05
4.79654e-05
4.61831e-05
5.06018e-05
5.162e-05
5.81879e-05
8.36263e-05
6.16324e-05
6.74822e-05
7.45611e-05
7.47702e-05
8.75939e-05
8.1119e-05
8.67318e-05
9.06023e-05
8.8762e-05
0.000107804
9.79243e-05
0.000114336
0.000106058
0.00013309
0.000120548
