2.8e-08
5.9209e-07
1.2872e-06
2.26435e-06
4.85275e-06
7.31012e-06
5.24281e-06
1.16458e-05
6.82905e-06
1.16738e-05
8.96138e-06
1.01045e-05
1.15308e-05
1.25499e-05
1.74887e-05
2.20584e-05
1.46572e-05
1.78617e-05
1.79308e-05
1.86159e-05
7.96042e-05
2.18554e-05
1.9169e-05
3.96111e-05
2.33516e-05
2.45198e-05
2.41507e-05
2.69871e-05
2.23524e-05
3.09998e-05
2.75772e-05
3.43177e-05
2.9532e-05
3.00151e-05
3.88103e-05
3.7157e-05
3.6955e-05
3.87813e-05
3.7208e-05
3.44307e-05
4.28868e-05
4.18647e-05
3.87623e-05
3.99894e-05
4.54782e-05
4.4453e-05
5.34483e-05
4.26698e-05
4.70244e-05
5.50915e-05
