7e-07
6e-07
6e-07
8.01e-07
5e-07
6e-07
6e-07
1e-06
5e-07
6e-07
7e-07
2e-07
6e-07
6e-07
7e-07
4e-07
5e-07
7e-07
6e-07
4e-07
7e-07
7e-07
7e-07
5e-07
4e-07
5e-07
7e-07
6e-07
6e-07
6e-07
8e-07
5e-07
5e-07
7e-07
5e-07
6e-07
4e-07
4e-07
6e-07
4e-07
4e-07
4e-07
6e-07
6e-07
5e-07
6e-07
3e-07
7e-07
6e-07
4e-07
3e-07
4e-07
5e-07
5e-07
4e-07
3e-07
5e-07
4e-07
3e-07
3e-07
3e-07
5e-07
4e-07
4e-07
4e-07
5e-07
5e-07
5e-07
3e-07
3e-07
4e-07
7e-07
4e-07
3e-07
5e-07
6e-07
5e-07
5e-07
4e-07
3e-07
4.01e-07
6e-07
3e-07
6e-07
3e-07
3e-07
3e-07
6e-07
4e-07
5e-07
5e-07
6e-07
4e-07
5e-07
4e-07
4e-07
5e-07
3e-07
4.01e-07
5e-07
8e-07
7.01e-07
7e-07
6e-07
8e-07
2.2903e-05
4e-07
6e-07
6e-07
6e-07
5.01e-07
7e-07
8e-07
6.01e-07
7e-07
9e-07
7.01e-07
9.01e-07
6e-07
8e-07
7e-07
5e-07
5e-07
6e-07
7e-07
5e-07
9e-07
5e-07
5e-07
7e-07
6.01e-07
6e-07
7e-07
7e-07
5e-07
1.2e-06
6e-07
7e-07
8e-07
6.01e-07
7e-07
5e-07
7e-07
6e-07
7e-07
6e-07
7.01e-07
4e-07
6e-07
7e-07
5e-07
6.01e-07
6e-07
6e-07
6e-07
6e-07
8e-07
5e-07
6e-07
7e-07
6e-07
6e-07
6e-07
6e-07
7e-07
8e-07
7e-07
5e-07
6e-07
6e-07
6e-07
5e-07
1.1e-06
9e-07
8e-07
6e-07
9e-07
7e-07
6e-07
6e-07
5e-07
5e-07
4e-07
7e-07
8.01e-07
6e-07
8e-07
5e-07
7e-07
7e-07
8e-07
8e-07
9e-07
6e-07
7e-07
7.01e-07
5e-07
7e-07
6e-07
6e-07
1.5e-06
1.5e-06
1.201e-06
1.2e-06
1.2e-06
1.7e-06
1.2e-06
1.601e-06
1.1e-06
1.4e-06
1.1e-06
1.2e-06
1.7e-06
1.4e-06
1.3e-06
1.2e-06
1.4e-06
1.201e-06
1.6e-06
9e-07
1.5e-06
1.2e-06
1.301e-06
1.4e-06
1.2e-06
1.3e-06
1.1e-06
1.401e-06
1.1e-06
1.3e-06
1.2e-06
1.1e-06
1.2e-06
1.5e-06
1.6e-06
1.3e-06
1.4e-06
1.2e-06
1.201e-06
1.1e-06
1e-06
1.1e-06
1.2e-06
1.4e-06
1.6e-06
1.4e-06
0.00015402
1.9e-06
1.601e-06
1.6e-06
1.3e-06
1.5e-06
1.5e-06
1.4e-06
1.401e-06
2.1e-06
1.3e-06
1.301e-06
1.4e-06
1.801e-06
1.5e-06
1.201e-06
1.2e-06
1.1e-06
1.9803e-05
3.4204e-05
1.201e-06
1.4e-06
1.6e-06
1.1e-06
1.6e-06
1.6e-06
1.5e-06
1.3e-06
1.4e-06
1.301e-06
1.4e-06
1.4e-06
1.3e-06
1.5e-06
1.2e-06
1.1e-06
9e-07
1.4e-06
1.2e-06
1.301e-06
1.201e-06
1.2e-06
1.1e-06
1.2e-06
1.301e-06
1.1e-06
1.3e-06
1.201e-06
1.401e-06
1.3e-06
1.401e-06
1.3e-06
1.3e-06
1.1e-06
3.3e-06
3.2e-06
3.3e-06
3.1e-06
3.701e-06
4e-06
4.2e-06
3.3e-06
3.001e-06
3.8e-06
3.6e-06
3.801e-06
3.5e-06
3.401e-06
3.801e-06
3.501e-06
2.8e-06
3.7e-06
3.301e-06
3.101e-06
3.4e-06
3.401e-06
3.101e-06
3e-06
3.301e-06
3.2e-06
3.8e-06
4.001e-06
3.4e-06
3.6e-06
2.9e-06
2.601e-06
3.2e-06
3.1e-06
3.2e-06
3e-06
2.601e-06
3e-06
2.5e-06
3.6e-06
3.301e-06
3.301e-06
3.8e-06
3.8e-06
3.301e-06
4.4e-06
3.6e-06
3.4e-06
5.8e-06
4.401e-06
3.601e-06
4.101e-06
4.5e-06
3.8e-06
4.5e-06
3.801e-06
3.701e-06
3.6e-06
3.6e-06
3.501e-06
3.201e-06
4.2e-06
3.7e-06
3.5e-06
3.5e-06
3.3e-06
6.2508e-05
4e-06
3.5e-06
3.701e-06
3.5e-06
4.2e-06
3.401e-06
4.5e-06
3.501e-06
3.601e-06
4.301e-06
2.501e-06
2.7e-06
2.5e-06
2.401e-06
4e-06
5.001e-06
4.201e-06
4.001e-06
4.301e-06
2.6e-06
5.101e-06
3.5e-06
4.201e-06
3.801e-06
4.401e-06
4.501e-06
4.2e-06
4.3e-06
4.001e-06
3.8e-06
4.101e-06
3.001e-06
3.7e-06
1.3402e-05
1.3101e-05
1.5902e-05
1.6002e-05
1.5602e-05
1.4302e-05
1.5502e-05
1.5602e-05
1.3102e-05
1.2401e-05
1.4302e-05
1.5302e-05
1.4902e-05
1.6102e-05
3.0404e-05
1.8703e-05
1.9502e-05
1.9403e-05
0.000344343
2.0203e-05
2.0003e-05
2.1302e-05
2.2403e-05
2.0802e-05
2.2703e-05
2.2903e-05
2.3103e-05
1.8402e-05
1.9002e-05
1.9403e-05
2.0203e-05
1.9602e-05
2.4403e-05
2.2403e-05
1.9902e-05
2.1703e-05
2.0102e-05
2.0603e-05
5.5507e-05
1.8403e-05
2.0402e-05
2.0702e-05
0.000134717
2.4103e-05
2.1303e-05
0.000116914
2.0603e-05
2.1002e-05
2.0903e-05
1.8503e-05
8.261e-05
1.9003e-05
2.3203e-05
2.0002e-05
2.0002e-05
2.1503e-05
1.8102e-05
2.2703e-05
1.9703e-05
1.8502e-05
1.7702e-05
1.7602e-05
1.9302e-05
2.1003e-05
2.0802e-05
1.4902e-05
1.9402e-05
2.2302e-05
2.1503e-05
0.000122215
1.8502e-05
2.0402e-05
2.2103e-05
1.8703e-05
2.0803e-05
2.0702e-05
1.9602e-05
2.2303e-05
1.9802e-05
0.000131916
1.9103e-05
1.9402e-05
1.7202e-05
1.8403e-05
1.7703e-05
1.8402e-05
2.1803e-05
2.2202e-05
1.8102e-05
1.7403e-05
1.9803e-05
2.1002e-05
1.9902e-05
2.0502e-05
2.0403e-05
2.1903e-05
2.1903e-05
1.8903e-05
1.8402e-05
1.8302e-05
7.721e-05
6.9309e-05
7.1109e-05
0.000121015
8.5111e-05
0.000201525
7.321e-05
4.8206e-05
7.661e-05
6.8708e-05
7.0909e-05
7.411e-05
7.1309e-05
6.7408e-05
7.0809e-05
7.5009e-05
6.7908e-05
7.0109e-05
7.8609e-05
7.4009e-05
7.801e-05
0.000183423
7.4009e-05
7.4109e-05
7.2809e-05
7.0109e-05
8.001e-05
8.021e-05
6.9309e-05
7.2909e-05
7.6809e-05
7.0709e-05
6.8208e-05
7.1609e-05
7.1909e-05
7.501e-05
6.8108e-05
6.7008e-05
7.4509e-05
7.6509e-05
8.011e-05
7.0308e-05
0.000107214
7.8309e-05
7.331e-05
7.4309e-05
6.6308e-05
7.5509e-05
8.1711e-05
7.1709e-05
6.7308e-05
9.3312e-05
7.601e-05
0.000107714
7.3209e-05
7.1109e-05
7.2409e-05
7.781e-05
7.3709e-05
0.000100413
0.000262432
0.000172222
7.2809e-05
0.000134017
6.6608e-05
7.2609e-05
7.1709e-05
7.1609e-05
0.000198425
0.000120115
9.4112e-05
7.0608e-05
7.3409e-05
0.000215027
7.5109e-05
7.791e-05
7.1209e-05
7.0609e-05
6.5008e-05
6.9708e-05
6.5408e-05
7.2209e-05
6.9308e-05
6.8308e-05
7.821e-05
7.2409e-05
7.2009e-05
7.811e-05
6.7508e-05
0.000124316
7.2209e-05
7.3809e-05
8.381e-05
7.1308e-05
7.3109e-05
7.3109e-05
8.5111e-05
8.021e-05
8.001e-05
7.791e-05
0.000293437
0.000253131
0.000307738
0.000304838
0.000277434
0.000306638
0.00032724
0.000302638
0.000235829
0.00032324
0.000292037
0.00023903
0.000355844
0.000305138
0.000305738
0.00140788
0.000384448
0.000283235
0.000341742
0.000259332
0.000242831
0.000392549
0.000225028
0.000444856
0.000272934
0.000302038
0.000269733
0.000245831
0.000223828
0.00032114
0.000349144
0.000252632
0.000356944
0.000365446
0.000341242
0.000307638
0.000336442
0.000276034
0.000272534
0.000304638
0.000303138
0.000297837
0.000203826
0.000268633
0.000317339
0.000308539
0.000284735
0.000388849
0.000306938
0.000218427
0.000425253
0.00047836
0.000306438
0.000274634
0.000306239
0.00032264
0.000250632
0.000290436
0.000228829
0.000191923
0.00024373
0.00031654
0.000194624
0.000229929
0.000201726
0.000187923
0.000195425
0.000194824
0.000205726
0.000208126
0.000191924
0.00024093
0.000217728
0.000309438
0.000231429
0.000279334
0.000227328
0.000285436
0.000273735
0.000247331
0.000261033
0.000273134
0.00023893
0.000213127
0.00032214
0.000216827
0.00024033
0.000308739
0.000224628
0.000257732
0.000283436
0.000517364
0.00024153
0.000336041
0.000262133
0.000301337
0.000263633
0.000301938
0.000272634
0.000326641
0.00088301
0.00137327
0.00111214
0.00100933
0.000771996
0.000897912
0.000758595
0.000742493
0.0008099
0.000852206
0.00149619
0.0008031
0.000925016
0.000916715
0.000787598
0.000789498
0.000813401
0.000760595
0.000773396
0.000812201
0.000781697
0.000974421
0.000756494
0.00101113
0.00072589
0.000770496
0.000799599
0.000775496
0.0008045
0.000796399
0.00168431
0.00072429
0.0007988
0.000876209
0.000766896
0.0007956
0.000939117
0.000947518
0.0015743
0.000907613
0.000895011
0.00121135
0.000835204
0.000885311
0.000823903
0.00100362
0.000904813
0.000837204
0.000799
0.000972521
0.00102673
0.000815202
0.000974022
0.00096402
0.000851807
0.000785298
0.00101413
0.000828703
0.000836604
0.000788699
0.000782498
0.000890211
0.000858407
0.00110594
0.000848506
0.000794899
0.000749493
0.0008047
0.0008015
0.000896912
0.000782398
0.000807401
0.000935916
0.000800599
0.000756794
0.000980222
0.000747493
0.000814002
0.000851106
0.000841405
0.000812901
0.00107543
0.000904012
0.00112764
0.000831703
0.00101303
0.000783398
0.000873508
0.000789898
0.000775397
0.000827703
0.000759395
0.00108554
0.000741093
0.000796099
0.000849406
0.000972321
0.000799099
0.000797299
0.00118115
0.00336012
0.00388448
0.00383658
0.00423983
0.00621978
0.00542167
0.00595114
0.00633509
0.00529076
0.00780937
0.00543258
0.00672024
0.00520565
0.00592694
0.00768966
0.00873409
0.00772626
0.00700627
0.00693997
0.00773266
0.0071918
0.00872169
0.00776757
0.00743663
0.00764015
0.008803
0.0080607
0.00728951
0.00979092
0.0080324
0.00904693
0.00872719
0.00826243
0.00757274
0.00779307
0.00765655
0.00759675
0.00791709
0.00782287
0.00768176
0.00705288
0.00822572
0.00782598
0.00791469
0.00704168
0.00766645
0.00743673
0.00783188
0.00917194
0.00780687
0.00746793
0.00836154
0.00946218
0.00879119
0.00825933
0.00817132
0.00756734
0.00769826
0.00850966
0.00927046
0.00466228
0.00251201
0.00196044
0.00247911
0.00197405
0.00191594
0.00190994
0.00198115
0.00189054
0.00228259
0.00188323
0.00187223
0.00181993
0.00198785
0.00192304
0.00257492
0.00188634
0.00173542
0.00191294
0.00182103
0.00188103
0.00191544
0.00198575
0.00195324
0.00178102
0.00195644
0.0023644
0.00260623
0.00245011
0.00204275
0.00332361
0.0023995
0.00193434
0.00194754
0.00184473
0.00175432
0.00191644
0.00203545
0.00183593
0.00174122
0.00816712
0.00767546
0.00773566
0.0072573
0.00967091
0.00761685
0.00704938
0.00739472
0.0072356
0.00878719
0.00858277
0.00926926
0.0119443
0.00764965
0.00758125
0.00714979
0.00762435
0.0100285
0.00737922
0.00912334
0.0108621
0.00777151
0.00852862
0.0121375
0.0115804
0.00703661
0.0090311
0.00981711
0.00743037
0.00777562
0.00737676
0.00758799
0.00980271
0.0103333
0.0126141
0.0143638
0.00716243
0.010217
0.0112882
0.00759199
0.00842211
0.0090313
0.0106141
0.00953487
0.0109131
0.0154436
0.016737
0.0112673
0.00916811
0.0107947
0.00864214
0.0136412
0.0140364
0.00963678
0.0113005
0.00944966
0.0143391
0.0162838
0.00733925
0.0102665
0.0141273
0.00704561
0.00702601
0.00878716
0.012327
0.00848482
0.0114684
0.0143278
0.00710742
0.00792344
0.0104852
0.00779382
0.00785983
0.00823578
0.00792294
0.00742877
0.0069471
0.00742576
0.00771971
0.00802325
0.00822938
0.0083394
0.00735856
0.00733005
0.00788183
0.00762439
0.00790303
0.00749918
0.00691099
0.00891598
0.00777251
0.0090541
0.00983251
0.0152203
0.0136265
0.0126208
0.00734005
0.00894668
0.0175302
0.0160456
0.0286406
0.0324433
0.0370106
0.0402665
0.0320425
0.042529
0.0284648
0.0333352
0.028529
0.0333125
0.0330046
0.0328468
0.031732
0.0280352
0.0330107
0.0273971
0.0328206
0.0355981
0.038478
0.0286207
0.0295359
0.0334996
0.0285753
0.0278146
0.0329116
0.0285938
0.0309126
0.0310304
0.0364058
0.0279273
0.029711
0.0280362
0.0335631
0.0286843
0.0679196
0.0312074
0.0288953
0.0298953
0.0284546
0.0311767
0.0280044
0.0408582
0.030777
0.0375427
0.0557832
0.0340312
0.0317346
0.0317218
0.0307193
0.0345055
0.0293048
0.0377662
0.0277805
0.0278568
0.0399988
0.0279991
0.0294994
0.0344917
0.0322468
0.0281183
0.0280006
0.0276234
0.0647448
0.0319194
0.0426737
0.0286214
0.0540621
0.0621094
0.0426346
0.0342115
0.0328526
0.0378497
0.0303815
0.0340429
0.0286017
0.0288338
0.0352163
0.0517848
0.0287965
0.0279946
0.0283619
0.0319929
0.032364
0.0279621
0.0283629
0.0376461
0.0350617
0.0282533
0.0320889
0.0283053
0.0369309
0.0391512
0.0314737
0.0345322
0.0339571
0.0624651
0.0649395
0.0287498
0.0621868
0.028288
0.115692
0.158974
0.186664
0.170622
0.109829
0.145449
0.133996
0.113099
0.144894
0.110673
0.111552
0.135172
0.111706
0.141392
0.135318
0.135782
0.117348
0.146195
0.136668
0.17711
0.135367
0.145929
0.127736
0.218507
0.111546
0.116034
0.172934
0.134361
0.177329
0.110969
0.15765
0.148879
0.111035
0.124138
0.150019
0.131524
0.157789
0.144314
0.156687
0.166056
0.136183
0.154629
0.137342
0.110584
0.118111
0.141872
0.113072
0.110764
0.182725
0.128457
0.135852
0.145019
0.116295
0.110285
0.110602
0.13813
0.249055
0.137929
0.147673
0.146789
0.15697
0.137002
0.152562
0.112138
0.155413
0.13016
0.157401
0.144246
0.13756
0.144516
0.141066
0.176561
0.170079
0.18407
0.147181
0.145903
0.176924
0.113757
0.137637
0.112067
0.125316
0.136691
0.111628
0.143871
0.116514
0.125189
0.109128
0.126484
0.126591
0.147909
0.112372
0.185494
0.150655
0.139328
0.111354
0.12825
0.112201
0.142752
0.127325
0.11568
