2.3e-06
1.6e-06
2e-06
2e-06
1.8e-06
2.2e-06
1.601e-06
1.701e-06
1.8e-06
1.7e-06
1.6e-06
1.001e-06
1.5e-06
2.101e-06
2.101e-06
1.5e-06
1.6e-06
1.8e-06
1.901e-06
2.101e-06
2.4e-06
1.3e-06
2e-06
1.401e-06
1.1e-06
1.4e-06
2e-06
2.2e-06
2.101e-06
1.9e-06
1.5e-06
1.6e-06
1.8e-06
2.3e-06
1.601e-06
1.301e-06
1.3e-06
2e-06
1.201e-06
1.1e-06
1e-06
2.8e-06
1.701e-06
2.1e-06
1.6e-06
1.7e-06
1.7e-06
1.701e-06
1.601e-06
1.6e-06
1.101e-06
1.4e-06
1.1e-06
1.4e-06
1.101e-06
1.1e-06
1.2e-06
1.2e-06
8e-07
8e-07
1e-06
1.1e-06
1.3e-06
1.4e-06
1.1e-06
1.901e-06
2.2e-06
1.501e-06
1.3e-06
1.501e-06
1.3e-06
1.6e-06
1.1e-06
1.1e-06
8.301e-06
1.7e-06
1.7e-06
1.2e-06
1.1e-06
8.01e-07
1.6e-06
1.7e-06
1.901e-06
1.1e-06
8e-07
1.2e-06
1.1e-06
1.6e-06
1.9e-06
1.101e-06
2.8203e-05
1.8e-06
9e-07
1.701e-06
1.2e-06
1.3e-06
1.5e-06
9.01e-07
9e-07
1.801e-06
2.901e-06
1.801e-06
1.9e-06
4.3806e-05
2.1e-06
1.9e-06
1.2e-06
1.7e-06
1.3e-06
1.5e-06
3.2e-06
1.9e-06
1.901e-06
1.4e-06
2.401e-06
2.101e-06
2.2e-06
2.301e-06
1.4e-06
1.8e-06
1.8e-06
1.3e-06
1.3e-06
1.601e-06
2.001e-06
1.8e-06
1.901e-06
1.2e-06
1.6e-06
1.6e-06
1.5e-06
1.9e-06
1.5e-06
1.7e-06
1.5e-06
1.8e-06
1.5e-06
2e-06
1.701e-06
1.7e-06
1.7e-06
1.3e-06
1.6e-06
1.4e-06
2e-06
1.8e-06
1.4e-06
1.1e-06
1.4e-06
1.6e-06
1.401e-06
1.5e-06
1.6e-06
1.3e-06
1.4e-06
1.3e-06
1.901e-06
1.3e-06
8.901e-06
1.8e-06
1.5e-06
1.501e-06
1.7e-06
1.3e-06
1.8e-06
1.9e-06
1.8e-06
1.3e-06
1.3e-06
1.701e-06
1.5e-06
1.7e-06
1.6e-06
2e-06
3e-06
1.401e-06
2e-06
1.3e-06
1.7e-06
1.401e-06
1.2e-06
1.2e-06
1.601e-06
1.5e-06
1.8e-06
2.2e-06
1.7e-06
1.4e-06
1.9e-06
1.7e-06
1.8e-06
2.501e-06
1.801e-06
2e-06
2.1e-06
1.8e-06
1.7e-06
2.2e-06
1.5e-06
1.601e-06
3.1e-06
2.8e-06
2.4e-06
3e-06
2.701e-06
3.401e-06
2.5e-06
2.801e-06
2.3e-06
2.301e-06
2.1e-06
2.501e-06
3.5e-06
3.4e-06
2.8e-06
3.801e-06
3.101e-06
3.1e-06
2.901e-06
4.201e-06
2.501e-06
2.8e-06
1.9e-06
2.8e-06
2.3e-06
2.1e-06
2e-06
2.701e-06
2.101e-06
3.601e-06
2.6e-06
2.601e-06
2.8e-06
2.5e-06
2.9e-06
2.2e-06
2.7e-06
2.4e-06
2.4e-06
2.3e-06
2.301e-06
2.1e-06
2.4e-06
2.7e-06
3.001e-06
3.2e-06
3.501e-06
4.201e-06
3e-06
2.5e-06
2.801e-06
2.7e-06
2.8e-06
2.501e-06
3.6e-06
3.501e-06
2.4e-06
2.801e-06
2.8e-06
3.3e-06
2.7e-06
2.401e-06
2.3e-06
2.3e-06
3.2e-06
3e-06
2.7e-06
2.6e-06
3.3e-06
2.9e-06
3.701e-06
3e-06
2.9e-06
2.9e-06
3.2e-06
2.5e-06
2.501e-06
2.9e-06
3.001e-06
3e-06
2.601e-06
2.6e-06
2.3e-06
2.8e-06
2.6e-06
3.001e-06
2.601e-06
2.3e-06
2.3e-06
2.9e-06
2.901e-06
2.1e-06
3e-06
2.8e-06
3.101e-06
2.4e-06
3.001e-06
2.901e-06
3.4e-06
2.4e-06
5.501e-06
6.901e-06
5.6e-06
5.4e-06
6.3e-06
5.901e-06
5.901e-06
5.901e-06
6.001e-06
6.001e-06
5.201e-06
6.601e-06
5.1e-06
5.901e-06
5.701e-06
5.501e-06
6.201e-06
5.901e-06
5.501e-06
5.401e-06
6e-06
5.601e-06
5.201e-06
5.001e-06
5.401e-06
6.201e-06
6.801e-06
5.9e-06
5.501e-06
5.701e-06
5.701e-06
6.001e-06
5.4e-06
5.601e-06
5.101e-06
5.101e-06
5.701e-06
5.501e-06
5.201e-06
5.101e-06
6.401e-06
8.101e-06
6.7e-06
5.701e-06
5.801e-06
6.101e-06
5.901e-06
5.901e-06
6.6e-06
6.601e-06
5.901e-06
6.2e-06
6.401e-06
6.901e-06
6.901e-06
6.901e-06
6.801e-06
6.601e-06
6.701e-06
6.5e-06
3.8105e-05
6.301e-06
5.9e-06
6.801e-06
7.301e-06
8.201e-06
6.401e-06
5.601e-06
6.101e-06
7.301e-06
7.001e-06
5.2507e-05
6.601e-06
6.301e-06
5.701e-06
6.6e-06
6.501e-06
4.401e-06
5.201e-06
4.201e-06
8.501e-06
6.201e-06
6.8e-06
6.901e-06
5.901e-06
6.701e-06
5.5e-06
7.101e-06
6.6e-06
7e-06
6.401e-06
7.101e-06
3.0103e-05
7.201e-06
6.701e-06
6.901e-06
6.301e-06
5.9e-06
5.901e-06
6.501e-06
1.4101e-05
1.5502e-05
1.7002e-05
1.5202e-05
1.5202e-05
1.3902e-05
1.6902e-05
1.5002e-05
1.5302e-05
1.8703e-05
1.6702e-05
1.7402e-05
1.7602e-05
2.0302e-05
2.0003e-05
2.4203e-05
2.1003e-05
2.1303e-05
2.2703e-05
2.1803e-05
2.1903e-05
1.9502e-05
0.000281335
2.2303e-05
2.2803e-05
1.9903e-05
2.3303e-05
2.0503e-05
2.3503e-05
2.0603e-05
2.2103e-05
2.1602e-05
2.5503e-05
2.1603e-05
2.4303e-05
2.2702e-05
2.1603e-05
2.1803e-05
2.2003e-05
2.1702e-05
2.5403e-05
2.1603e-05
2.2203e-05
2.1002e-05
2.2503e-05
2.1203e-05
2.1503e-05
2.1902e-05
2.0803e-05
2.1702e-05
2.1603e-05
2.0802e-05
2.1803e-05
2.1703e-05
2.0402e-05
2.0702e-05
2.2102e-05
2.1903e-05
2.0702e-05
1.9602e-05
2.1002e-05
2.1403e-05
2.3003e-05
2.1003e-05
3.1404e-05
2.1903e-05
2.3203e-05
4.8206e-05
8.7611e-05
2.2503e-05
2.2302e-05
2.1903e-05
2.2203e-05
2.2402e-05
2.1902e-05
2.3903e-05
2.1103e-05
2.1703e-05
2.3003e-05
2.3603e-05
2.3202e-05
2.0502e-05
2.1303e-05
2.0502e-05
1.9702e-05
2.1202e-05
2.1403e-05
2.2203e-05
4.0805e-05
2.0302e-05
2.2703e-05
2.2903e-05
2.1203e-05
2.3103e-05
2.0503e-05
2.1603e-05
2.0703e-05
2.1603e-05
2.1202e-05
2.0702e-05
4.0105e-05
4.5405e-05
3.7904e-05
4.3506e-05
4.7505e-05
4.6306e-05
4.7905e-05
4.7206e-05
4.7106e-05
4.5905e-05
4.5706e-05
4.5306e-05
4.8506e-05
4.6406e-05
4.5706e-05
4.7206e-05
4.6706e-05
4.2505e-05
4.6806e-05
8.231e-05
4.6806e-05
4.7406e-05
4.7806e-05
4.6906e-05
5.0107e-05
4.8406e-05
4.4306e-05
4.4506e-05
5.0006e-05
4.6006e-05
4.7105e-05
4.5206e-05
4.8906e-05
4.9007e-05
4.8106e-05
4.7206e-05
4.5306e-05
4.7005e-05
4.8006e-05
4.8906e-05
4.4106e-05
4.4506e-05
4.9406e-05
4.6906e-05
4.6205e-05
4.6706e-05
4.3805e-05
4.3905e-05
4.5305e-05
4.5605e-05
4.2906e-05
4.5306e-05
4.6106e-05
4.6906e-05
4.6506e-05
7.3509e-05
4.9006e-05
4.7606e-05
0.000143117
7.4009e-05
4.7906e-05
4.7806e-05
5.1607e-05
4.9807e-05
4.5406e-05
4.4806e-05
4.6706e-05
4.7106e-05
0.000147418
4.8406e-05
4.5706e-05
4.4106e-05
4.6305e-05
4.3206e-05
4.5406e-05
8.251e-05
4.7206e-05
4.4806e-05
4.8306e-05
4.4406e-05
4.6205e-05
4.3605e-05
4.6106e-05
4.5506e-05
4.6706e-05
4.4905e-05
4.6606e-05
0.00024143
4.7506e-05
0.00023933
4.7206e-05
4.6205e-05
5.0706e-05
4.5706e-05
4.5706e-05
4.5006e-05
7.3209e-05
4.2006e-05
4.8506e-05
4.8706e-05
0.000106913
0.000111414
0.000221528
9.6312e-05
0.000124615
9.0011e-05
9.8813e-05
0.000101213
0.000177822
0.00024213
0.000108213
9.5511e-05
0.000101712
9.8712e-05
0.000347444
9.7112e-05
9.2111e-05
9.9612e-05
0.000107413
9.6012e-05
9.9512e-05
0.000190824
0.000120015
0.00032734
9.8712e-05
0.000100112
9.9512e-05
0.000100713
0.000284036
8.6911e-05
9.7912e-05
9.5112e-05
9.8112e-05
0.000103713
0.000279835
0.000103813
9.8212e-05
0.000118414
0.000106013
0.00023573
0.000414352
9.6312e-05
0.000102513
8.3411e-05
9.8612e-05
0.000201825
0.000100913
9.8012e-05
0.00016112
9.9012e-05
0.000101513
0.000182623
0.000337342
9.9212e-05
0.000111713
0.000107614
0.000100812
9.6812e-05
9.0711e-05
0.000165421
9.6912e-05
9.9813e-05
8.191e-05
9.0311e-05
8.3111e-05
9.2211e-05
9.6112e-05
0.000183823
9.4512e-05
9.4012e-05
9.0512e-05
8.7511e-05
8.3111e-05
0.000100913
0.000112414
8.8911e-05
8.7711e-05
0.000105813
0.000147718
0.000140218
9.3012e-05
9.4412e-05
0.000127216
9.9113e-05
0.000102713
9.9912e-05
0.000118815
0.000145818
9.9313e-05
9.8912e-05
9.5812e-05
0.000104613
9.6912e-05
9.7012e-05
9.6112e-05
9.9112e-05
9.2611e-05
0.000220328
0.000100213
0.000151019
0.000202425
0.000179723
0.00133727
0.000258232
0.000187723
0.000178622
0.000177622
0.000187023
0.000279935
0.000181823
0.000205226
0.000188523
0.000222228
0.000206826
0.000271334
0.000206126
0.000194924
0.000198025
0.000213226
0.000195524
0.000197725
0.000209026
0.000198625
0.000258433
0.000176322
0.000253132
0.000209726
0.000190123
0.000189424
0.000212726
0.000341143
0.000209126
0.000276034
0.000211027
0.000227629
0.000176522
0.000202525
0.000186323
0.000211426
0.000199625
0.000227829
0.000234629
0.000215027
0.000224428
0.000296837
0.000218527
0.000207826
0.000233429
0.000221628
0.000247731
0.000264633
0.000190823
0.000219727
0.000201025
0.000191223
0.000190024
0.000211126
0.000202525
0.000207826
0.000186223
0.000211826
0.000187123
0.000179023
0.000209126
0.000212527
0.000252232
0.000207425
0.000214126
0.000223728
0.000213927
0.000180823
0.000935117
0.000204725
0.000188124
0.000177122
0.000207926
0.000332041
0.000299237
0.00024193
0.000201825
0.000188324
0.000204426
0.000214227
0.000223227
0.000199325
0.000214427
0.000248631
0.000205226
0.000197925
0.000190824
0.000206026
0.000268034
0.000202125
0.000189824
0.000206426
0.000232029
0.000191024
0.000195725
0.000202025
0.000180323
0.000390048
0.000488061
0.000572972
0.00056447
0.000861607
0.000749393
0.000631078
0.000759595
0.000606876
0.000785598
0.000664983
0.000798199
0.000759995
0.000914714
0.00143318
0.000855907
0.000932117
0.000852306
0.000976722
0.000900012
0.000812502
0.00121635
0.000899812
0.000941917
0.000810802
0.00107943
0.000997924
0.000943017
0.00142068
0.00142798
0.00119365
0.00109274
0.000942617
0.000916514
0.00096372
0.000942617
0.00109834
0.00119885
0.00109184
0.000950019
0.000999124
0.000968721
0.000932116
0.000979422
0.00188644
0.000941317
0.00106413
0.000876009
0.00132236
0.00101643
0.00103983
0.000921014
0.000895112
0.00119955
0.000861907
0.00113054
0.000875409
0.000909013
0.00112724
0.000944017
0.000453757
0.000275935
0.000233429
0.000247631
0.000231329
0.000247131
0.00024493
0.000324841
0.000259233
0.00024553
0.00023743
0.000248931
0.000232829
0.000293036
0.000278735
0.000260233
0.000232729
0.00023843
0.000264733
0.00024643
0.00024163
0.000221627
0.000245031
0.000231729
0.000244431
0.000257132
0.000279235
0.000325841
0.000258832
0.000233529
0.00024493
0.00024243
0.00023523
0.000276734
0.000249931
0.000309539
0.000228229
0.000249431
0.000250431
0.000223428
0.000540768
0.000568671
0.000533266
0.000517365
0.000672584
0.000529166
0.000530566
0.000504163
0.000548668
0.000760095
0.000898812
0.000703687
0.000923615
0.000523665
0.000549168
0.000553169
0.000520465
0.000643681
0.000544068
0.000612276
0.000755594
0.000548279
0.000580784
0.000942635
0.000719003
0.000538178
0.000676197
0.000520675
0.000481269
0.000541878
0.000576283
0.000544278
0.0006993
0.00106565
0.00118667
0.000609887
0.000499072
0.00117377
0.000552879
0.000752208
0.000540777
0.0007012
0.000621089
0.000791413
0.000814617
0.00253726
0.000857324
0.000744107
0.000748107
0.000863624
0.000930434
0.00112186
0.000551679
0.00113096
0.000602187
0.000671896
0.000870025
0.000537377
0.000492971
0.00076851
0.000536177
0.00048997
0.000536677
0.000690799
0.000824018
0.000668296
0.00123048
0.000549279
0.000535777
0.00056018
0.000666195
0.000657894
0.000523075
0.000574582
0.000504773
0.000508773
0.000531476
0.000603887
0.000534877
0.000596685
0.000598486
0.000535276
0.000547178
0.000512873
0.000578783
0.000506773
0.000574783
0.000500472
0.000692399
0.000538378
0.000480469
0.000536777
0.000749607
0.00076931
0.00142961
0.000657495
0.000507273
0.000634791
0.00132259
0.000762809
0.00124588
0.00154292
0.00224432
0.00299593
0.00411549
0.00198338
0.00175255
0.00156693
0.00149982
0.00155282
0.00146961
0.00202349
0.00243295
0.00151552
0.00192138
0.00141291
0.00220382
0.00295503
0.00342219
0.00121798
0.00352941
0.00167714
0.00134209
0.00119347
0.0020822
0.00124688
0.00151032
0.00226893
0.00257537
0.00130569
0.00183857
0.00146791
0.00220392
0.00170485
0.00261318
0.00199279
0.00163164
0.00182946
0.0021027
0.00215771
0.0034597
0.00148471
0.00262713
0.00353735
0.00172502
0.00195165
0.00162301
0.00215857
0.00203776
0.00141678
0.00118225
0.00150149
0.00217188
0.0023487
0.00368837
0.00117085
0.00115345
0.00175042
0.00119685
0.0016015
0.00200265
0.00118955
0.00167671
0.00141068
0.00132617
0.00177152
0.00175652
0.00282706
0.00203536
0.00132467
0.00140548
0.00204876
0.00254732
0.00250582
0.00130686
0.00170951
0.0031794
0.00484521
0.00146728
0.00138507
0.00327891
0.00149399
0.00182833
0.00120775
0.00147328
0.00275735
0.00188864
0.0023507
0.00170411
0.00207026
0.00210777
0.00336932
0.00150639
0.00139678
0.00137237
0.00163841
0.00219678
0.00126496
0.00292117
0.00116645
0.00257733
0.00275125
0.00273345
0.00249642
0.00458109
0.00307509
0.00278696
0.00260823
0.00266554
0.00453848
0.0023895
0.00385389
0.00436025
0.00247791
0.00260123
0.00254002
0.00252732
0.00247041
0.00593891
0.00260181
0.00240809
0.00961476
0.00263372
0.00297966
0.00278563
0.00276743
0.00257221
0.00305028
0.00302867
0.00260102
0.00264993
0.00271213
0.00295826
0.00702076
0.00563769
0.00268543
0.00327471
0.00308598
0.00246591
0.00288486
0.00265703
0.00261713
0.00231989
0.00250711
0.00276814
0.00308958
0.00279694
0.00316979
0.00273184
0.00264363
0.00291466
0.00269003
0.00286485
0.00248911
0.00271021
0.00309436
0.00340629
0.00293244
0.00280242
0.00763458
0.00253869
0.00298264
0.00269204
0.00263403
0.00282665
0.00257642
0.00294067
0.0024393
0.00253462
0.0023763
0.00245231
0.00246281
0.00255172
0.004055
0.0024244
0.00259722
0.00251291
0.00352514
0.00327831
0.0024094
0.00248249
0.0026169
0.00246098
0.00251749
0.00549063
0.00235387
0.00267711
0.00254629
0.00287873
0.00634296
0.00315428
0.00239749
0.00272923
0.0025107
0.00239969
0.0024727
0.00745299
0.00346253
0.00289816
0.00258912
