1.001e-06
8e-07
6e-07
8e-07
9e-07
6e-07
6e-07
6e-07
6e-07
8e-07
6e-07
4e-07
7e-07
6e-07
7e-07
6e-07
6e-07
6e-07
5e-07
6e-07
7e-07
8e-07
7e-07
7e-07
4e-07
5e-07
4e-07
7e-07
8e-07
7e-07
5e-07
7e-07
6e-07
7e-07
6e-07
7e-07
4e-07
4e-07
5e-07
5e-07
5e-07
5e-07
6e-07
6e-07
6e-07
7e-07
5e-07
7e-07
6e-07
6e-07
4e-07
4e-07
5e-07
7e-07
4e-07
4e-07
5.01e-07
4e-07
4.01e-07
4e-07
4e-07
5e-07
6.01e-07
5e-07
3e-07
5e-07
6e-07
5.01e-07
4e-07
3e-07
5e-07
4e-07
5e-07
3e-07
4e-07
6.01e-07
8e-07
6e-07
6e-07
3e-07
4e-07
5e-07
6e-07
4e-07
5e-07
6e-07
4e-07
8e-07
7e-07
5e-07
4e-07
5e-07
6e-07
4e-07
6e-07
5e-07
5e-07
3e-07
3e-07
5e-07
1.3e-06
1.2e-06
1.2e-06
1.1e-06
1.4e-06
1e-06
7e-07
1.001e-06
9e-07
1e-06
9e-07
1.2e-06
1.2e-06
9e-07
1.1e-06
1.3e-06
1.201e-06
1.201e-06
1e-06
1.1e-06
1e-06
9e-07
8e-07
1e-06
1.2e-06
9e-07
9e-07
8e-07
1e-06
9e-07
9e-07
1e-06
1.1e-06
1.2e-06
9e-07
9e-07
9.01e-07
1.1e-06
9e-07
1.1e-06
1e-06
8.01e-07
1e-06
9e-07
2.0603e-05
1.001e-06
1.1e-06
7e-07
9e-07
1.1e-06
8e-07
8e-07
1e-06
9e-07
1e-06
8e-07
1.1e-06
1e-06
1.1e-06
1e-06
1e-06
1.1e-06
9e-07
1.2e-06
1.1e-06
1.1e-06
1.2e-06
8e-07
1e-06
1.001e-06
1.2e-06
9e-07
1.2e-06
1.6e-06
1.1e-06
1.101e-06
1.2e-06
1.1e-06
1.101e-06
1e-06
8e-07
9e-07
8e-07
1.1e-06
1.1e-06
1.001e-06
1.2e-06
8.01e-07
1e-06
1.1e-06
1.2e-06
1.2e-06
1.1e-06
8e-07
1.001e-06
1.2e-06
1e-06
9e-07
1.2e-06
1.1e-06
3.601e-06
2.801e-06
2.6e-06
2.9e-06
2.9e-06
8.051e-05
3e-06
3e-06
2.7e-06
2.9e-06
2.601e-06
2.8e-06
3.401e-06
2.9e-06
3.001e-06
3.001e-06
2.3e-06
3.301e-06
3.201e-06
2.3e-06
2.7e-06
2.7e-06
2.701e-06
2.901e-06
2.8e-06
2.801e-06
2.4e-06
2.8e-06
2.401e-06
3.201e-06
2.8e-06
3.001e-06
3.2e-06
3.701e-06
3.4e-06
2.9e-06
2.7e-06
2.8e-06
2.6e-06
2.4e-06
2.801e-06
2.6e-06
2.601e-06
2.901e-06
3.101e-06
3.1e-06
3.101e-06
3e-06
3.001e-06
2.7e-06
3.3e-06
3.201e-06
2.901e-06
3.2e-06
3.1e-06
3.201e-06
2.9e-06
2.8e-06
3.1e-06
2.9e-06
1.6702e-05
2.8e-06
2.7e-06
2.501e-06
2.901e-06
3.1e-06
2.6e-06
3.001e-06
2.701e-06
2.8e-06
3.201e-06
3.4e-06
2.8404e-05
3.0804e-05
2.8e-06
3e-06
2.9e-06
3.1e-06
3.101e-06
3.101e-06
2.7e-06
2.4e-06
2.2e-06
2.801e-06
2.6e-06
2.7e-06
2.7e-06
2.501e-06
2.6e-06
2.8e-06
2.6e-06
2.8e-06
2.8e-06
2.5e-06
2.7e-06
2.701e-06
2.9e-06
2.801e-06
2.5e-06
2.601e-06
9.101e-06
8.601e-06
8.401e-06
9.501e-06
1.0401e-05
9.901e-06
1.0602e-05
9.201e-06
8.801e-06
9.902e-06
1.0201e-05
1.0602e-05
9.801e-06
9.602e-06
1.0001e-05
1.0001e-05
8.901e-06
9.401e-06
8.901e-06
8.801e-06
9.901e-06
9.901e-06
8.301e-06
9.201e-06
9.301e-06
8.901e-06
9.802e-06
9.501e-06
9.301e-06
9.101e-06
8.001e-06
8.701e-06
8.601e-06
8.401e-06
8.301e-06
8.501e-06
8.201e-06
9.101e-06
7.901e-06
9.201e-06
9.001e-06
8.001e-06
9.301e-06
9.201e-06
9.301e-06
1.0501e-05
9.102e-06
8.802e-06
9.401e-06
1.0802e-05
9.401e-06
1.0601e-05
1.0802e-05
1.0201e-05
1.1002e-05
1.0101e-05
1.0301e-05
9.301e-06
9.401e-06
2.7304e-05
9.601e-06
1.0001e-05
9.701e-06
9.501e-06
9.301e-06
3.6404e-05
1.0502e-05
1.0401e-05
9.901e-06
9.501e-06
9.702e-06
1.0302e-05
9.402e-06
3.7905e-05
9.901e-06
9.701e-06
1.0401e-05
7.601e-06
8.001e-06
7.801e-06
7.601e-06
9.801e-06
1.1201e-05
3.7905e-05
1.0901e-05
1.0701e-05
8.301e-06
4.7806e-05
1.0001e-05
1.0702e-05
1.0402e-05
7.1509e-05
1.0401e-05
1.0801e-05
1.0901e-05
1.0201e-05
2.4303e-05
1.0502e-05
9.801e-06
1.0202e-05
0.000107014
3.8805e-05
5.7707e-05
8.181e-05
4.3205e-05
4.4806e-05
4.2906e-05
4.5105e-05
3.9905e-05
5.3107e-05
4.2906e-05
4.5505e-05
0.000184022
4.4406e-05
0.000170022
0.000509963
5.9608e-05
5.6707e-05
5.5607e-05
5.9707e-05
5.7807e-05
5.8707e-05
5.9208e-05
9.6412e-05
6.1507e-05
6.6408e-05
6.4408e-05
6.2407e-05
5.6707e-05
5.6407e-05
5.7407e-05
5.8307e-05
6.1108e-05
6.4708e-05
5.7407e-05
6.0807e-05
6.0207e-05
0.000105913
6.3708e-05
5.5107e-05
5.8707e-05
6.0608e-05
6.0707e-05
6.1908e-05
6.1808e-05
5.4107e-05
5.7807e-05
0.000104913
5.7107e-05
7.981e-05
5.8207e-05
5.6807e-05
6.2508e-05
5.9807e-05
6.5109e-05
6.0107e-05
5.8307e-05
6.0807e-05
5.9507e-05
5.8407e-05
5.4006e-05
5.6507e-05
5.6307e-05
6.3608e-05
5.8808e-05
5.7907e-05
5.5407e-05
5.6708e-05
0.000110914
0.000222728
5.8807e-05
5.6707e-05
6.1107e-05
5.9208e-05
9.2812e-05
5.8207e-05
0.000107014
5.9107e-05
0.000192324
5.5207e-05
5.5407e-05
5.7107e-05
5.5307e-05
5.6607e-05
5.8007e-05
5.5907e-05
6.1508e-05
8.501e-05
5.5407e-05
5.5607e-05
5.7608e-05
6.1808e-05
5.8507e-05
6.2108e-05
5.9207e-05
6.2508e-05
6.4208e-05
6.2008e-05
5.8008e-05
5.9108e-05
0.000251831
0.000257632
0.000266633
0.000425152
0.000487461
0.000214627
0.00106443
0.000285436
0.000228329
0.000217627
0.000222628
0.000256832
0.000217427
0.00024223
0.000221528
0.000260732
0.000219527
0.000220728
0.00023493
0.000740992
0.000286436
0.000732391
0.000315039
0.000485361
0.000224228
0.000213427
0.00023863
0.000223828
0.000289736
0.000228728
0.000225028
0.000264333
0.000216927
0.000253931
0.000222728
0.000230929
0.000222028
0.000248031
0.000224728
0.000333341
0.000472458
0.000334742
0.000380347
0.000372946
0.00031464
0.000227828
0.000221227
0.000253931
0.000226728
0.000225628
0.000216827
0.00024463
0.000227628
0.000230328
0.000221627
0.000249231
0.000312739
0.000228828
0.000437555
0.000230729
0.000293537
0.00024123
0.000428054
0.00031474
0.000213927
0.000226928
0.000287736
0.000224628
0.000339242
0.000285936
0.000264433
0.000247131
0.000225228
0.000230628
0.000306038
0.000345943
0.00040005
0.000296637
0.000213526
0.000220928
0.000209926
0.000231129
0.000226328
0.000221827
0.000224728
0.000221727
0.000221727
0.000260933
0.000236829
0.000296637
0.000354244
0.000235429
0.00023873
0.000224828
0.000227028
0.000233629
0.000247331
0.00023813
0.00024253
0.000266333
0.00103983
0.000939017
0.00209386
0.00134527
0.00088281
0.000849806
0.000744792
0.000991424
0.00139087
0.00118985
0.00100233
0.000873609
0.000918114
0.000986623
0.00105623
0.000846705
0.00088391
0.00108823
0.00096092
0.00088191
0.00087941
0.00112884
0.00114464
0.00102083
0.000904613
0.000954318
0.000867708
0.000931016
0.00101823
0.00204435
0.00116215
0.000998325
0.00104243
0.00107183
0.00127276
0.00109144
0.000952118
0.00088501
0.00102343
0.00107543
0.00129796
0.00088381
0.00127836
0.00100703
0.00108834
0.000987223
0.0024353
0.00115985
0.00108784
0.00112584
0.00111554
0.00116264
0.000991424
0.00101393
0.000950518
0.000974921
0.000814802
0.000976722
0.000842105
0.000902613
0.000912314
0.00105293
0.000752894
0.000749593
0.000776597
0.000793798
0.000841905
0.00104823
0.000758994
0.000843105
0.000752994
0.000790399
0.000786998
0.00105623
0.000796499
0.000975422
0.000798299
0.000964221
0.00104363
0.00346663
0.00108544
0.00110314
0.000874008
0.000905813
0.000911513
0.00147658
0.00101513
0.000969321
0.000946018
0.000894711
0.00110094
0.0016443
0.00156409
0.00107833
0.000857406
0.000852906
0.000953519
0.00101223
0.000918715
0.000997925
0.00361585
0.00331261
0.00344213
0.0048143
0.00329401
0.0032352
0.00314619
0.00313489
0.00375597
0.00352784
0.00307028
0.00378857
0.00316739
0.00349394
0.00300958
0.0032052
0.0032064
0.00327491
0.00335962
0.00392629
0.00347123
0.00343223
0.0031848
0.00365796
0.00310979
0.00294897
0.00361755
0.00325981
0.00332521
0.003188
0.0031725
0.00357174
0.00307798
0.00405761
0.00301298
0.00380127
0.00338532
0.0032217
0.00412131
0.00313409
0.00350164
0.00408121
0.00310349
0.00326981
0.00309529
0.00340502
0.00352284
0.00351494
0.00366606
0.003251
0.00391419
0.00328041
0.00381328
0.00363285
0.00336002
0.00356004
0.00327211
0.0031991
0.00428904
0.00337272
0.00341613
0.0032443
0.00345453
0.00355804
0.00316009
0.00336142
0.00310339
0.00353464
0.0031905
0.00329431
0.00367906
0.00307808
0.00360185
0.0031938
0.00310519
0.00342743
0.0032055
0.00361065
0.0032313
0.00354134
0.00339782
0.00330111
0.00355294
0.00328021
0.0032395
0.0056016
0.00310389
0.00362845
0.00328511
0.00313729
0.00384258
0.00316219
0.0032472
0.00306458
0.00339302
0.00366136
0.0032446
0.0040111
0.00309699
0.003193
0.0128622
0.0133125
0.0151082
0.0156673
0.0166987
0.0194101
0.019417
0.0200069
0.0197154
0.0206197
0.0210165
0.0209981
0.0188629
0.0207148
0.0278228
0.0289376
0.0286797
0.0268267
0.0272021
0.0297696
0.0273331
0.0281402
0.0296608
0.030344
0.0299454
0.0277282
0.0282155
0.0267502
0.0282724
0.0271512
0.0281361
0.028472
0.0269402
0.0284789
0.027342
0.0290446
0.0274317
0.027514
0.0286289
0.0305665
0.0269187
0.0265934
0.0268865
0.0267336
0.0256475
0.0265137
0.0282866
0.0291278
0.0287247
0.0275968
0.0265508
0.0276431
0.0273227
0.0261635
0.0282122
0.0263762
0.0287558
0.028409
0.0290405
0.0288936
0.0256165
0.0111023
0.00827933
0.00759415
0.00732141
0.00733061
0.00742853
0.00748733
0.00730951
0.00689336
0.00781567
0.00767906
0.00703398
0.00740512
0.0072445
0.00729091
0.00706478
0.00730861
0.00710708
0.00733181
0.00775627
0.00747823
0.00705838
0.0079861
0.00704988
0.0072015
0.00862378
0.0080308
0.00826413
0.00767986
0.00793439
0.00715379
0.0072599
0.00796669
0.00747233
0.0072612
0.00775547
0.00714149
0.00693446
0.00717879
0.0320105
0.0291079
0.0306723
0.0282482
0.0359604
0.0377092
0.0281131
0.0282386
0.0280894
0.0312008
0.0344983
0.0447995
0.0448751
0.0332109
0.0308424
0.0289534
0.0288725
0.0320348
0.0333983
0.0319195
0.040061
0.0318515
0.032809
0.0354329
0.0395841
0.028364
0.0340209
0.0362146
0.0284343
0.0290516
0.0289841
0.0291824
0.0357831
0.0396857
0.0532383
0.0632578
0.0286435
0.0326453
0.0538996
0.0291211
0.0291594
0.0317302
0.0360312
0.039335
0.0410537
0.0607135
0.0529059
0.0502423
0.0386443
0.0405108
0.0336478
0.0500246
0.0943332
0.036264
0.0449074
0.0360771
0.052677
0.0600976
0.0290995
0.0368554
0.0475
0.0287403
0.028556
0.0334283
0.0443606
0.0311805
0.0408985
0.053199
0.028769
0.0304043
0.0379543
0.0372429
0.0315316
0.0286108
0.0289037
0.0281509
0.0284885
0.0340613
0.028551
0.0290289
0.0316005
0.0333105
0.0294531
0.0287608
0.0282275
0.0292222
0.0285659
0.0303997
0.0280547
0.0340842
0.0305148
0.0348464
0.0351678
0.0493565
0.0492077
0.0607201
0.0297799
0.0331762
0.0464971
0.0623818
0.194165
0.132524
0.160752
0.132798
0.216531
0.172269
0.144179
0.136417
0.119536
0.119789
0.163017
0.188702
0.118988
0.184455
0.132293
0.200106
0.116342
0.148143
0.173114
0.228302
0.114946
0.166933
0.135277
0.17917
0.13303
0.172105
0.128696
0.1421
0.218726
0.2007
0.150171
0.148832
0.173706
0.217554
0.144917
0.11869
0.177141
0.138448
0.127484
0.161082
0.175549
0.160239
0.156907
0.167905
0.190876
0.193571
0.139045
0.146373
0.165876
0.140735
0.158035
0.130402
0.180473
0.222334
0.252504
0.171757
0.14981
0.116221
0.117386
0.139865
0.130235
0.171721
0.162871
0.120436
0.129979
0.116741
0.221926
0.232409
0.171399
0.126977
0.125141
0.138504
0.131438
0.119253
0.167285
0.125614
0.195107
0.180018
0.176641
0.122874
0.132829
0.179948
0.144008
0.202012
0.11609
0.139076
0.222697
0.198436
0.13288
0.150578
0.133888
0.171069
0.123803
0.116113
0.11531
0.137029
0.21645
0.118577
0.202765
0.177348
0.584639
0.516965
0.54469
0.545005
0.518195
0.527941
0.474229
0.556665
0.531336
0.487742
0.536906
0.591242
0.479002
0.592913
0.584727
0.647626
0.668034
0.547649
0.58638
0.560404
0.483932
0.582839
0.490849
0.54837
0.535429
0.515712
0.545434
0.538705
0.5901
0.575008
0.504035
0.695865
0.553088
0.650306
0.51255
0.528523
0.482878
0.475446
0.565379
0.564167
0.57533
0.622414
0.49886
0.51565
0.615472
0.498123
0.509042
0.554668
0.470315
0.566996
0.537265
0.499101
0.524371
0.579452
0.520366
0.518905
0.537481
0.531562
0.54261
0.473279
0.535188
0.579268
0.486854
0.564615
0.526815
0.496227
0.47848
0.539826
0.558097
0.528724
0.594601
0.543459
0.594624
0.510384
0.494811
0.479048
0.497124
0.526919
0.503385
0.540621
0.632311
0.614791
0.541262
0.510995
0.61606
0.562588
0.537762
0.642607
0.585739
0.544336
0.571528
0.514144
0.664588
0.541192
0.539106
0.662497
0.584553
0.582069
0.54124
0.619901
