6.01e-07
4e-07
7e-07
4e-07
3e-07
5e-07
5e-07
5e-07
3e-07
4e-07
5e-07
3e-07
5e-07
6e-07
5e-07
3e-07
4e-07
3e-07
4e-07
5e-07
5e-07
4e-07
5e-07
3e-07
3.01e-07
4e-07
5.01e-07
5e-07
5.01e-07
4e-07
5e-07
3e-07
5e-07
6e-07
3e-07
2e-07
3e-07
2e-07
4e-07
3e-07
3e-07
5e-07
3e-07
4e-07
4e-07
4e-07
4e-07
4e-07
4e-07
4e-07
4e-07
5e-07
4e-07
3e-07
3e-07
3e-07
3e-07
3e-07
2e-07
2.01e-07
2e-07
4e-07
5e-07
4e-07
4e-07
3e-07
4e-07
3e-07
3e-07
4e-07
4e-07
3e-07
3e-07
2e-07
5e-07
5e-07
5e-07
2e-07
3e-07
2e-07
3e-07
3e-07
3e-07
5e-07
3e-07
3e-07
3e-07
6e-07
4e-07
3e-07
2e-07
5e-07
2e-07
3e-07
6e-07
3e-07
3e-07
2e-07
2e-07
3e-07
7e-07
6e-07
6e-07
7e-07
5e-07
5e-07
5e-07
4e-07
4e-07
4.01e-07
4e-07
6e-07
6e-07
6e-07
5e-07
5e-07
8e-07
5e-07
5e-07
5e-07
4e-07
4e-07
4e-07
4e-07
4e-07
5e-07
5e-07
5.01e-07
4e-07
4e-07
4e-07
4e-07
5e-07
4e-07
4e-07
3e-07
4e-07
5e-07
5e-07
5e-07
5e-07
4e-07
5e-07
3e-07
5e-07
5e-07
5e-07
4e-07
5e-07
5e-07
5e-07
5e-07
4e-07
5e-07
5e-07
4e-07
4e-07
4.01e-07
4e-07
5e-07
4e-07
4e-07
4e-07
4e-07
5e-07
5e-07
5e-07
4e-07
4e-07
4e-07
4e-07
6e-07
6e-07
5e-07
4e-07
5e-07
5e-07
5e-07
5e-07
3e-07
3e-07
5e-07
5.01e-07
5e-07
5e-07
5e-07
5e-07
4e-07
5e-07
6e-07
5e-07
5e-07
5e-07
5e-07
5e-07
5e-07
5e-07
5e-07
5e-07
4e-07
1.201e-06
1.2e-06
1.2e-06
1.3e-06
1.201e-06
1.4e-06
1.3e-06
1.3e-06
1.201e-06
1.3e-06
1.4e-06
1.1e-06
1.8002e-05
1.4e-06
1.2e-06
1.2e-06
1.1e-06
1.1e-06
1.101e-06
1.2e-06
1.2e-06
1.6e-06
1.4e-06
1.2e-06
1e-06
1.1e-06
1.2e-06
1.3e-06
1.3e-06
1.3e-06
1.5e-06
1.1e-06
1.1e-06
1.301e-06
1.3e-06
1.001e-06
1.1e-06
1.101e-06
1e-06
1.1e-06
1.1e-06
1.1e-06
1.4e-06
1.1e-06
1.5e-06
1.3e-06
1.501e-06
2.501e-06
1.3e-06
1.2e-06
1.3e-06
1.301e-06
1.201e-06
1.1e-06
1.2e-06
1.4e-06
1.3e-06
1.401e-06
1.3e-06
1.6e-06
1.301e-06
1.2e-06
1.4e-06
1.201e-06
1.4e-06
1.3e-06
1.5e-06
1.3e-06
1.401e-06
1.3e-06
1.6e-06
1.3e-06
1.201e-06
1.3e-06
1.3e-06
1.2e-06
1.1e-06
1.2e-06
1.2e-06
1.2e-06
1.1e-06
1.1e-06
1e-06
1.1e-06
1e-06
9e-07
1.1e-06
1e-06
1.1e-06
1.1e-06
1.2e-06
1.1e-06
1e-06
1.101e-06
1.2e-06
1.3e-06
1.1e-06
1.101e-06
1.1e-06
1.101e-06
3.9e-06
3.901e-06
3.7e-06
3.7e-06
4.101e-06
3.8e-06
4.101e-06
3.8e-06
3.801e-06
3.901e-06
3.8e-06
3.9e-06
3.9e-06
3.801e-06
3.801e-06
3.801e-06
3.8e-06
3.9e-06
4.001e-06
3.7e-06
4e-06
4.001e-06
3.901e-06
3.8e-06
3.901e-06
4.3e-06
3.701e-06
3.901e-06
4e-06
3.901e-06
3.6e-06
3.7e-06
3.7e-06
3.6e-06
3.901e-06
3.601e-06
3.901e-06
3.701e-06
3.501e-06
3.7e-06
3.5e-06
3.7e-06
4.3e-06
3.901e-06
2.1403e-05
4.3e-06
3.7e-06
3.8e-06
3.9e-06
4.001e-06
3.8e-06
4.101e-06
3.8e-06
4e-06
4.301e-06
4.401e-06
3.9e-06
4.3e-06
4.3e-06
4e-06
1.9702e-05
4.201e-06
4.001e-06
4.001e-06
4.301e-06
5.2607e-05
4.501e-06
4.6e-06
4.2e-06
4.6e-06
4.401e-06
4.2e-06
4.201e-06
4.4e-06
4.001e-06
4.001e-06
4.201e-06
3.2e-06
3e-06
3e-06
4.801e-06
5.001e-06
4.801e-06
4.601e-06
4.301e-06
4.5e-06
4.301e-06
4.3e-06
4.401e-06
4.6e-06
4.3e-06
4.6e-06
4.1805e-05
5.1e-06
4.501e-06
4.201e-06
4.3e-06
4.2e-06
4.401e-06
4.5e-06
1.7002e-05
1.5202e-05
1.7902e-05
1.7802e-05
1.9502e-05
1.7702e-05
1.7402e-05
1.7902e-05
1.7602e-05
1.6602e-05
2.0002e-05
2.0403e-05
4.7506e-05
0.000126315
2.2103e-05
2.4603e-05
2.4403e-05
2.5103e-05
2.5303e-05
2.6403e-05
2.5303e-05
2.4803e-05
2.6603e-05
2.5203e-05
2.5803e-05
2.6603e-05
2.5603e-05
2.6803e-05
2.4903e-05
2.4503e-05
2.4503e-05
2.6004e-05
2.5603e-05
2.4903e-05
0.000113714
2.5303e-05
2.5203e-05
2.5503e-05
2.4803e-05
2.4803e-05
2.6203e-05
2.5603e-05
0.00031994
2.5203e-05
0.000115114
2.5804e-05
5.6107e-05
2.4603e-05
2.5003e-05
2.4503e-05
2.4803e-05
2.5303e-05
2.4703e-05
2.4503e-05
2.4403e-05
2.4603e-05
2.5203e-05
2.6804e-05
2.4303e-05
2.4403e-05
2.4803e-05
5.9108e-05
2.4304e-05
2.5303e-05
0.000216227
2.5303e-05
0.000117715
8.8711e-05
2.6103e-05
2.4803e-05
6.2307e-05
2.4903e-05
2.4804e-05
2.6303e-05
2.5103e-05
2.4504e-05
2.4503e-05
2.5703e-05
0.000588974
2.6704e-05
2.3703e-05
2.3803e-05
2.4503e-05
2.4403e-05
2.4803e-05
2.3503e-05
2.4203e-05
2.4203e-05
2.4103e-05
2.5003e-05
2.5803e-05
2.4503e-05
2.4803e-05
2.4003e-05
2.5003e-05
2.4303e-05
2.5103e-05
2.4803e-05
2.4803e-05
2.4803e-05
8.9812e-05
0.000134217
9.4112e-05
9.5712e-05
9.6512e-05
0.000101213
9.3512e-05
8.291e-05
9.5411e-05
9.8512e-05
9.6012e-05
0.000115114
9.5111e-05
8.9112e-05
9.5212e-05
9.5611e-05
9.4312e-05
0.000125716
9.9813e-05
0.000205626
9.3012e-05
0.000122615
0.000365045
0.000132916
0.000177722
9.5312e-05
8.301e-05
9.4812e-05
0.000128616
0.000102613
9.5812e-05
9.5312e-05
9.6012e-05
8.7911e-05
9.4912e-05
9.4312e-05
9.2311e-05
9.5812e-05
0.000263333
9.4312e-05
0.000264333
9.6512e-05
9.5412e-05
9.5112e-05
9.4812e-05
9.9613e-05
9.5712e-05
9.5311e-05
9.5912e-05
9.6012e-05
9.3012e-05
9.2711e-05
9.0511e-05
0.000121315
9.4412e-05
9.5412e-05
0.000196925
0.000124116
0.000148019
0.00032274
9.4212e-05
0.000151319
0.00039675
9.4312e-05
9.0811e-05
9.5512e-05
9.5312e-05
9.5112e-05
0.000149919
9.4712e-05
0.000130416
0.000169121
9.8212e-05
9.4512e-05
9.7412e-05
9.6312e-05
0.000224928
9.9312e-05
9.4812e-05
0.000127216
0.000124615
9.5012e-05
9.5512e-05
0.000123615
0.000122715
9.4512e-05
9.8112e-05
0.000512664
9.5111e-05
0.000177222
9.6412e-05
0.000187524
9.5112e-05
8.9211e-05
9.4612e-05
9.6112e-05
0.00016682
9.5212e-05
9.6912e-05
9.5912e-05
0.000382047
0.000986423
0.000736892
0.00039775
0.000360645
0.000391849
0.000372546
0.000364446
0.000705888
0.000418852
0.000298637
0.000409951
0.000377947
0.000367245
0.000350143
0.000349444
0.000367145
0.000332541
0.000362645
0.000368346
0.000372946
0.000353444
0.000369646
0.000346943
0.000404451
0.000382648
0.000361545
0.000354044
0.000390249
0.000590574
0.000424653
0.000446555
0.000422352
0.00048356
0.000648181
0.000452856
0.00039725
0.000392549
0.000383648
0.000468759
0.00032264
0.000386249
0.000370547
0.000377847
0.000447456
0.000427653
0.000408351
0.000390448
0.00040175
0.000368346
0.000459457
0.000452656
0.000516364
0.000367345
0.000548568
0.000411152
0.000393749
0.000341142
0.000427553
0.000288936
0.000354544
0.000419453
0.000361545
0.000355044
0.000444256
0.000339842
0.000359244
0.000325341
0.000438955
0.000352244
0.000352044
0.000367446
0.000352544
0.000429454
0.000340943
0.000262933
0.000340342
0.000373947
0.000417252
0.000488361
0.000538967
0.000368446
0.000405251
0.00040225
0.000368446
0.000468258
0.000495062
0.000524665
0.000371346
0.000373246
0.000428853
0.0008063
0.000648781
0.00039785
0.00048556
0.000368446
0.000377447
0.000363445
0.000369146
0.00040365
0.00136797
0.00454667
0.001643
0.00126886
0.00131446
0.00129386
0.00126666
0.00126766
0.001616
0.00139777
0.00117205
0.00130736
0.00154269
0.00129066
0.00137977
0.00138197
0.00128876
0.00265333
0.00135627
0.00142198
0.00124395
0.00134657
0.00143098
0.0015793
0.00126376
0.00131606
0.0015903
0.00138327
0.00186193
0.00126146
0.0016211
0.00149309
0.00205166
0.00133507
0.00124766
0.00129746
0.00134887
0.00215747
0.00172521
0.00142108
0.00182003
0.00134317
0.00138687
0.00142278
0.00140908
0.0016077
0.00142288
0.0015674
0.00124386
0.00137537
0.00138357
0.00133587
0.00146518
0.00133237
0.00143238
0.00130356
0.00141288
0.00142028
0.00135907
0.00141768
0.00164991
0.00139227
0.001611
0.00153769
0.00147958
0.00209926
0.00126256
0.00132216
0.00131736
0.00132066
0.00152059
0.00138647
0.00147138
0.00142428
0.00264663
0.00121185
0.00132777
0.00141648
0.00132357
0.00147598
0.00131866
0.00137657
0.00146458
0.00174812
0.00141678
0.00150219
0.00127206
0.0015874
0.00119205
0.0016
0.00140998
0.00138987
0.00172091
0.00121635
0.00124386
0.00133517
0.00138937
0.0016126
0.00131146
0.00251461
0.00473569
0.00590984
0.00554839
0.00614216
0.00785768
0.00899862
0.0079841
0.00788518
0.0105493
0.00858037
0.00829843
0.00791969
0.0088375
0.0104087
0.0111203
0.0118878
0.010818
0.010649
0.0104809
0.011117
0.0112509
0.0112693
0.0108029
0.013234
0.0121141
0.0107255
0.0104982
0.0109982
0.0120748
0.0126719
0.011298
0.0111234
0.0120158
0.0125401
0.0120271
0.0105295
0.0127682
0.0106013
0.0110137
0.0111766
0.0108372
0.0112238
0.0110464
0.0116649
0.0108927
0.0115512
0.0133166
0.0111253
0.010673
0.0133975
0.0112938
0.0106025
0.0105363
0.0111383
0.0122121
0.0105695
0.0116166
0.0108307
0.0127301
0.0107805
0.00551599
0.00363335
0.00264303
0.00273084
0.00276744
0.00260962
0.00277045
0.00260653
0.00267743
0.00287696
0.00276794
0.00272204
0.00258792
0.00286096
0.00275184
0.00276214
0.00332271
0.00267263
0.00276925
0.00265633
0.00274794
0.00272104
0.00287616
0.00261923
0.00258182
0.00300987
0.00327921
0.0032308
0.00330131
0.00277345
0.00276504
0.00266263
0.00293627
0.00297187
0.00263213
0.00284075
0.00276044
0.00264783
0.00277314
0.00263803
0.0113841
0.0104819
0.0105101
0.0104282
0.0142098
0.0106264
0.0102533
0.0102707
0.0109171
0.0127962
0.0163151
0.0142014
0.0176807
0.0118994
0.0107107
0.0107321
0.0108226
0.0133116
0.0102536
0.0126268
0.0143193
0.0104878
0.0133421
0.0147813
0.0120526
0.0103688
0.0132285
0.0124954
0.0109457
0.0108957
0.0107565
0.0107707
0.0142082
0.018243
0.0238595
0.0133936
0.0106475
0.0173197
0.012244
0.010317
0.0108987
0.0134014
0.013717
0.0123027
0.0177828
0.0209028
0.0246644
0.0127111
0.017054
0.012803
0.0134443
0.0228877
0.0131674
0.0167159
0.0141387
0.0130143
0.0198795
0.0165362
0.0104682
0.0167511
0.0142516
0.0107501
0.0102636
0.0125385
0.0130655
0.0127795
0.0182457
0.0143714
0.0103416
0.0105609
0.014267
0.0112965
0.0102399
0.0112228
0.0103973
0.0102682
0.0108103
0.0106975
0.010514
0.0112658
0.0113301
0.0121385
0.0104446
0.0103219
0.0107323
0.0104658
0.0106023
0.0106841
0.0102249
0.0110938
0.0110836
0.0115932
0.0140577
0.018944
0.0217623
0.0133018
0.0109179
0.0133336
0.0245159
0.0178544
0.0411321
0.0507303
0.0657664
0.0672242
0.0766746
0.0655969
0.0511643
0.0506967
0.0446123
0.0506314
0.0500383
0.0501937
0.055943
0.0406795
0.0508155
0.0405954
0.0507285
0.0749186
0.0766329
0.0406266
0.0766891
0.0536746
0.0420656
0.0407461
0.0504103
0.0406209
0.0484067
0.0497485
0.0509984
0.0451989
0.0475586
0.0469814
0.0690098
0.0436975
0.109255
0.0583628
0.041195
0.045894
0.047057
0.0683997
0.0552535
0.0721283
0.0616712
0.107
0.0686231
0.0525304
0.0456861
0.0479373
0.052762
0.0501141
0.0409784
0.064494
0.056398
0.0552863
0.0629054
0.0406659
0.0409548
0.0576402
0.042543
0.0431107
0.051101
0.0408538
0.068228
0.0527151
0.056774
0.0484246
0.0427658
0.0918843
0.0941611
0.0414313
0.0503043
0.062699
0.0505077
0.0709168
0.0427705
0.0496222
0.0669224
0.0907795
0.0443899
0.0411283
0.0556892
0.0501811
0.0528023
0.0410534
0.0409609
0.0712958
0.0565141
0.0574492
0.0511164
0.0557086
0.0655181
0.0992085
0.0417942
0.0562528
0.0411055
0.0604176
0.079849
0.0409389
0.0915186
0.0409969
0.17434
0.161902
0.184252
0.164809
0.189414
0.287481
0.194632
0.163426
0.162355
0.216151
0.209895
0.23518
0.219071
0.162433
0.231024
0.160839
0.164152
0.197122
0.243031
0.187089
0.252622
0.191147
0.1722
0.233978
0.223493
0.196161
0.196457
0.187359
0.249628
0.188414
0.244258
0.16307
0.198316
0.226784
0.30415
0.165672
0.244793
0.238322
0.162179
0.161661
0.162476
0.204932
0.19846
0.207952
0.206702
0.196758
0.178445
0.162514
0.220312
0.180321
0.161921
0.193661
0.171848
0.180203
0.197207
0.235884
0.208454
0.161979
0.186506
0.346699
0.197513
0.162278
0.213552
0.190783
0.17252
0.187672
0.209635
0.163342
0.221763
0.197217
0.279607
0.163331
0.187526
0.343413
0.161873
0.168608
0.183064
0.1866
0.232114
0.164239
0.172141
0.16246
0.161802
0.1647
0.205651
0.200233
0.162211
0.188217
0.163093
0.38596
0.303378
0.162172
0.246486
0.197622
0.17305
0.279359
0.21888
0.223238
0.175239
0.185029
