3.8e-08
1.3862e-06
4.34261e-06
8.5882e-06
1.53612e-05
1.95137e-05
2.81629e-05
3.22655e-05
4.74356e-05
5.44316e-05
6.83616e-05
7.69338e-05
9.2637e-05
0.000106162
0.000129306
0.000133526
0.000159442
0.000172057
0.000200477
0.000213766
0.000247405
0.000281418
0.000312172
0.000352776
0.000350969
0.000374262
0.000404904
0.000424896
0.000468255
0.000493747
0.000512929
0.000550753
0.000636481
0.000616529
0.000674882
0.000704114
0.00101772
0.000789246
0.000819347
0.000904042
0.00138856
0.00100465
0.00100901
0.00105216
0.00109056
0.00114327
0.00155254
0.0012516
0.00129155
0.00135674
