6.961e-07
8.00512e-06
1.89387e-05
2.19531e-05
2.78659e-05
3.83544e-05
4.63195e-05
5.29354e-05
5.81842e-05
6.67433e-05
7.49125e-05
8.20785e-05
9.46242e-05
9.75127e-05
0.000110243
0.000117903
0.000120905
0.000130295
0.00014465
0.000144464
0.000152726
0.000160878
0.000180248
0.000179435
0.000184372
0.000202623
0.00020325
0.000213643
0.00022726
0.000228382
0.000242571
0.000246891
0.000264184
0.00027326
0.000274244
0.000300741
0.000303896
0.000309328
0.000311402
0.000339597
0.000353977
0.000327936
0.000357497
0.00042036
0.000370884
0.000393361
0.000386598
0.000387678
0.0004122
0.000398386
