4.3e-08
4.03357e-06
1.36749e-05
2.48045e-05
4.40672e-05
6.21947e-05
8.85564e-05
0.000117839
0.000159829
0.000194685
0.000233163
0.000302088
0.000341663
0.000391536
0.000455628
0.000506427
0.00058515
0.000794105
0.000724121
0.00079297
0.000885921
0.00100366
0.00110583
0.00125464
0.00131341
0.00141366
0.0015341
0.00160713
0.00173633
0.00186878
0.00196509
0.00217761
0.00230227
0.00243545
0.00256723
0.00273686
0.00285331
0.00307788
0.00321949
0.00348573
0.00370093
0.00370706
0.00424256
0.00405232
0.00421528
0.00447114
0.00464446
0.00497315
0.0050768
0.00524992
