3.901e-08
2.49335e-06
7.51206e-06
1.4095e-05
2.79299e-05
3.04623e-05
4.09107e-05
5.39906e-05
6.96528e-05
8.88674e-05
0.000101979
0.000130327
0.000140195
0.000169014
0.000191357
0.000210485
0.000277377
0.000276061
0.000317765
0.000341653
0.000405392
0.00041178
0.000455967
0.000554275
0.00050931
0.000566917
0.000613277
0.000631815
0.000693954
0.000752863
0.000787604
0.00084966
0.00089704
0.000963695
0.00102149
0.00106883
0.00118956
0.0012037
0.001272
0.00134004
0.00163522
0.00145091
0.00151642
0.00158028
0.00163958
0.00174082
0.00179257
0.00184468
0.0019474
0.00203608
