1.7403e-07
2.75138e-06
6.75395e-06
9.9744e-06
1.27978e-05
1.60272e-05
1.96508e-05
2.28112e-05
3.12824e-05
4.2597e-05
3.21685e-05
3.65661e-05
4.3213e-05
4.56874e-05
4.63805e-05
4.9993e-05
8.44217e-05
5.91032e-05
6.08194e-05
6.72643e-05
7.11528e-05
7.38202e-05
7.99911e-05
8.50628e-05
8.91533e-05
8.86543e-05
9.61323e-05
0.00010121
0.000101307
0.000104593
0.000109548
0.000117602
0.000119055
0.000124651
0.000128486
0.000131044
0.000140333
0.000137147
0.000147217
0.000156456
0.000201884
0.000179329
0.0001581
0.000160214
0.000223286
0.000169644
0.000176517
0.000180647
0.00020516
0.000197272
