6.401e-08
1.74224e-06
4.39461e-06
7.155e-06
9.07027e-06
1.16536e-05
1.51151e-05
1.87046e-05
2.23011e-05
2.42154e-05
2.58026e-05
2.75489e-05
3.23315e-05
3.45848e-05
3.69382e-05
4.01976e-05
5.0565e-05
4.65784e-05
4.91688e-05
5.62448e-05
5.46076e-05
5.92712e-05
6.18596e-05
6.56761e-05
6.64152e-05
7.40272e-05
7.42193e-05
7.71167e-05
8.79112e-05
8.07352e-05
8.54128e-05
8.93544e-05
9.34159e-05
0.000104853
0.000103892
0.000102481
0.000114446
0.000107023
0.000122119
0.000113568
0.000120968
0.000130159
0.000128431
0.000132331
0.00013555
0.000136105
0.000137034
0.000141225
0.000166322
0.00015462
